Folder_ID	Encoding_Vector
01	1 0.447368 0.552632 0.205128 0.487179 0.307692 0.166667 0.611111 0.222222 0.179487 0.525641 0.294872 0.0652174 0.376812 0.427536 0.130435 0.0925926 0.324074 0.416667 0.166667 0.0555556 0.344444 0.522222 0.0777778 0.0789474 0.421053 0.394737 0.105263 
01_O	1 0.552632 0.447368 0.307692 0.525641 0.166667 0.314815 0.481481 0.203704 0.282051 0.512821 0.205128 0.188406 0.362319 0.398551 0.0507246 0.175926 0.398148 0.361111 0.0648148 0.166667 0.422222 0.333333 0.0777778 0.105263 0.473684 0.315789 0.105263 
02	1 0.473684 0.526316 0.25641 0.525641 0.217949 0.240741 0.518519 0.240741 0.217949 0.5 0.282051 0.115942 0.42029 0.362319 0.101449 0.111111 0.444444 0.342593 0.101852 0.144444 0.3 0.477778 0.0777778 0.105263 0.315789 0.447368 0.131579 
02_O	1 0.631579 0.368421 0.448718 0.487179 0.0641026 0.425926 0.462963 0.111111 0.435897 0.397436 0.166667 0.297101 0.492754 0.210145 0 0.296296 0.472222 0.212963 0.0185185 0.311111 0.455556 0.177778 0.0555556 0.342105 0.394737 0.184211 0.0789474 
03	1 0.421053 0.578947 0.115385 0.628205 0.25641 0.222222 0.462963 0.314815 0.217949 0.410256 0.371795 0.0434783 0.34058 0.514493 0.101449 0.0277778 0.388889 0.453704 0.12963 0.111111 0.311111 0.366667 0.211111 0.157895 0.289474 0.342105 0.210526 
03_O	1 0.394737 0.605263 0.205128 0.448718 0.346154 0.203704 0.388889 0.407407 0.115385 0.538462 0.346154 0.115942 0.275362 0.369565 0.23913 0.0740741 0.305556 0.407407 0.212963 0.0666667 0.355556 0.322222 0.255556 0.0263158 0.289474 0.5 0.184211 
04	1 0.5 0.5 0.230769 0.487179 0.282051 0.240741 0.481481 0.277778 0.230769 0.538462 0.230769 0.101449 0.376812 0.347826 0.173913 0.12037 0.37037 0.342593 0.166667 0.111111 0.366667 0.377778 0.144444 0.0789474 0.368421 0.394737 0.157895 
04_O	1 0.552632 0.447368 0.423077 0.307692 0.269231 0.333333 0.462963 0.203704 0.333333 0.487179 0.179487 0.304348 0.297101 0.253623 0.144928 0.305556 0.287037 0.268519 0.138889 0.188889 0.4 0.333333 0.0777778 0.210526 0.5 0.210526 0.0789474 
05	1 0.578947 0.421053 0.320513 0.512821 0.166667 0.314815 0.518519 0.166667 0.333333 0.487179 0.179487 0.166667 0.471014 0.289855 0.0724638 0.203704 0.37037 0.351852 0.0740741 0.166667 0.444444 0.333333 0.0555556 0.210526 0.447368 0.263158 0.0789474 
05_O	1 0.473684 0.526316 0.230769 0.538462 0.230769 0.203704 0.574074 0.222222 0.230769 0.474359 0.294872 0.101449 0.376812 0.449275 0.0724638 0.0925926 0.407407 0.37963 0.12037 0.0888889 0.422222 0.377778 0.111111 0.0789474 0.447368 0.342105 0.131579 
06	1 0.447368 0.552632 0.25641 0.423077 0.320513 0.148148 0.62963 0.222222 0.230769 0.435897 0.333333 0.101449 0.362319 0.369565 0.166667 0.166667 0.287037 0.37037 0.175926 0.0555556 0.355556 0.488889 0.1 0.131579 0.236842 0.447368 0.184211 
06_O	1 0.578947 0.421053 0.384615 0.423077 0.192308 0.259259 0.592593 0.148148 0.358974 0.448718 0.192308 0.202899 0.398551 0.34058 0.057971 0.25 0.37963 0.277778 0.0925926 0.133333 0.511111 0.3 0.0555556 0.184211 0.289474 0.447368 0.0789474 
07	1 0.526316 0.473684 0.294872 0.538462 0.166667 0.277778 0.537037 0.185185 0.282051 0.487179 0.230769 0.137681 0.478261 0.333333 0.0507246 0.138889 0.490741 0.268519 0.101852 0.166667 0.377778 0.4 0.0555556 0.157895 0.473684 0.263158 0.105263 
07_O	1 0.578947 0.421053 0.333333 0.512821 0.153846 0.388889 0.462963 0.148148 0.346154 0.487179 0.166667 0.195652 0.485507 0.268116 0.0507246 0.203704 0.453704 0.296296 0.0462963 0.2 0.466667 0.266667 0.0666667 0.315789 0.368421 0.289474 0.0263158 
08	1 0.394737 0.605263 0.128205 0.525641 0.346154 0.148148 0.518519 0.333333 0.102564 0.602564 0.294872 0.0507246 0.275362 0.492754 0.181159 0.0277778 0.314815 0.5 0.157407 0.0222222 0.311111 0.5 0.166667 0 0.342105 0.578947 0.0789474 
08_O	1 0.447368 0.552632 0.166667 0.512821 0.320513 0.148148 0.537037 0.314815 0.166667 0.551282 0.282051 0.0507246 0.297101 0.492754 0.15942 0.0740741 0.240741 0.546296 0.138889 0.0333333 0.355556 0.444444 0.166667 0.0526316 0.236842 0.605263 0.105263 
09	1 0.421053 0.578947 0.217949 0.487179 0.294872 0.166667 0.592593 0.240741 0.166667 0.512821 0.320513 0.0797101 0.376812 0.434783 0.108696 0.0833333 0.37037 0.37963 0.166667 0.0555556 0.377778 0.466667 0.1 0.0526316 0.5 0.315789 0.131579 
09_O	1 0.605263 0.394737 0.487179 0.320513 0.192308 0.425926 0.407407 0.166667 0.333333 0.538462 0.128205 0.398551 0.23913 0.275362 0.0869565 0.351852 0.314815 0.240741 0.0925926 0.311111 0.3 0.366667 0.0222222 0.210526 0.473684 0.315789 0 
10	1 0.526316 0.473684 0.269231 0.512821 0.217949 0.240741 0.592593 0.166667 0.25641 0.538462 0.205128 0.123188 0.405797 0.405797 0.0652174 0.12963 0.425926 0.351852 0.0925926 0.1 0.422222 0.444444 0.0333333 0.105263 0.473684 0.342105 0.0789474 
100	1 0.5 0.5 0.25641 0.461538 0.282051 0.222222 0.574074 0.203704 0.282051 0.435897 0.282051 0.130435 0.326087 0.434783 0.108696 0.12037 0.416667 0.287037 0.175926 0.111111 0.366667 0.422222 0.1 0.184211 0.342105 0.315789 0.157895 
100_O	1 0.578947 0.421053 0.346154 0.487179 0.166667 0.296296 0.574074 0.12963 0.346154 0.474359 0.179487 0.181159 0.463768 0.304348 0.0507246 0.203704 0.435185 0.287037 0.0740741 0.144444 0.522222 0.288889 0.0444444 0.210526 0.368421 0.394737 0.0263158 
101	1 0.394737 0.605263 0.102564 0.602564 0.294872 0.185185 0.407407 0.407407 0.205128 0.384615 0.410256 0.0289855 0.289855 0.528986 0.152174 0.0277778 0.314815 0.509259 0.148148 0.1 0.255556 0.377778 0.266667 0.105263 0.263158 0.263158 0.368421 
101_O	1 0.473684 0.526316 0.192308 0.602564 0.205128 0.259259 0.444444 0.296296 0.166667 0.628205 0.205128 0.0797101 0.42029 0.413043 0.0869565 0.0462963 0.435185 0.462963 0.0555556 0.133333 0.311111 0.444444 0.111111 0.0263158 0.473684 0.473684 0.0263158 
102	1 0.552632 0.447368 0.282051 0.474359 0.24359 0.277778 0.5 0.222222 0.269231 0.576923 0.153846 0.137681 0.391304 0.347826 0.123188 0.12963 0.398148 0.398148 0.0740741 0.133333 0.388889 0.388889 0.0888889 0.0789474 0.473684 0.394737 0.0526316 
102_O	1 0.5 0.5 0.217949 0.615385 0.166667 0.333333 0.333333 0.333333 0.24359 0.5 0.25641 0.137681 0.384058 0.384058 0.0942029 0.0925926 0.37037 0.509259 0.0277778 0.233333 0.266667 0.322222 0.177778 0.0789474 0.447368 0.342105 0.131579 
103	1 0.552632 0.447368 0.25641 0.538462 0.205128 0.277778 0.518519 0.203704 0.397436 0.307692 0.294872 0.108696 0.427536 0.391304 0.0724638 0.185185 0.324074 0.37037 0.12037 0.2 0.322222 0.366667 0.111111 0.368421 0.184211 0.131579 0.315789 
103_O	1 0.473684 0.526316 0.141026 0.666667 0.192308 0.277778 0.425926 0.296296 0.205128 0.551282 0.24359 0.057971 0.391304 0.485507 0.0652174 0.00925926 0.490741 0.462963 0.037037 0.122222 0.366667 0.333333 0.177778 0.105263 0.342105 0.473684 0.0789474 
104	1 0.605263 0.394737 0.307692 0.538462 0.153846 0.351852 0.481481 0.166667 0.358974 0.5 0.141026 0.166667 0.471014 0.297101 0.0652174 0.157407 0.481481 0.296296 0.0648148 0.211111 0.411111 0.322222 0.0555556 0.184211 0.473684 0.315789 0.0263158 
104_O	1 0.447368 0.552632 0.166667 0.525641 0.307692 0.148148 0.555556 0.296296 0.205128 0.487179 0.307692 0.0507246 0.318841 0.478261 0.152174 0.0648148 0.351852 0.398148 0.185185 0.0333333 0.411111 0.377778 0.177778 0.0789474 0.236842 0.5 0.184211 
105	1 0.421053 0.578947 0.217949 0.487179 0.294872 0.166667 0.592593 0.240741 0.179487 0.5 0.320513 0.101449 0.326087 0.456522 0.115942 0.0925926 0.398148 0.361111 0.148148 0.0666667 0.322222 0.522222 0.0888889 0.0789474 0.342105 0.447368 0.131579 
105_O	1 0.552632 0.447368 0.25641 0.564103 0.179487 0.314815 0.5 0.185185 0.320513 0.474359 0.205128 0.130435 0.434783 0.369565 0.0652174 0.12963 0.490741 0.305556 0.0740741 0.155556 0.433333 0.3 0.111111 0.184211 0.394737 0.342105 0.0789474 
106	1 0.552632 0.447368 0.294872 0.512821 0.192308 0.240741 0.611111 0.148148 0.333333 0.423077 0.24359 0.115942 0.456522 0.369565 0.057971 0.166667 0.407407 0.342593 0.0833333 0.111111 0.477778 0.344444 0.0666667 0.184211 0.368421 0.263158 0.184211 
106_O	1 0.605263 0.394737 0.269231 0.628205 0.102564 0.425926 0.37037 0.203704 0.384615 0.435897 0.179487 0.166667 0.463768 0.333333 0.0362319 0.12963 0.537037 0.314815 0.0185185 0.288889 0.344444 0.233333 0.133333 0.289474 0.368421 0.210526 0.131579 
107	1 0.552632 0.447368 0.346154 0.474359 0.179487 0.314815 0.592593 0.0925926 0.371795 0.384615 0.24359 0.202899 0.434783 0.326087 0.0362319 0.25 0.416667 0.25 0.0833333 0.166667 0.466667 0.333333 0.0333333 0.289474 0.368421 0.236842 0.105263 
107_O	1 0.631579 0.368421 0.371795 0.538462 0.0897436 0.444444 0.462963 0.0925926 0.410256 0.448718 0.141026 0.217391 0.550725 0.217391 0.0144928 0.231481 0.527778 0.222222 0.0185185 0.266667 0.477778 0.222222 0.0333333 0.315789 0.421053 0.236842 0.0263158 
108	1 0.447368 0.552632 0.166667 0.487179 0.346154 0.166667 0.518519 0.314815 0.166667 0.576923 0.25641 0.0652174 0.304348 0.427536 0.202899 0.0462963 0.342593 0.425926 0.185185 0.0555556 0.288889 0.522222 0.133333 0.0263158 0.368421 0.5 0.105263 
108_O	1 0.342105 0.657895 0.0897436 0.576923 0.333333 0.203704 0.259259 0.537037 0.166667 0.358974 0.474359 0.0289855 0.318841 0.391304 0.26087 0.00925926 0.268519 0.527778 0.194444 0.188889 0.111111 0.277778 0.422222 0.157895 0.105263 0.342105 0.394737 
109	1 0.631579 0.368421 0.410256 0.461538 0.128205 0.351852 0.592593 0.0555556 0.397436 0.487179 0.115385 0.210145 0.536232 0.231884 0.0217391 0.259259 0.509259 0.185185 0.0462963 0.144444 0.611111 0.244444 0 0.210526 0.552632 0.210526 0.0263158 
109_O	1 0.605263 0.394737 0.346154 0.538462 0.115385 0.388889 0.462963 0.148148 0.358974 0.5 0.141026 0.202899 0.471014 0.311594 0.0144928 0.185185 0.537037 0.231481 0.0462963 0.244444 0.422222 0.277778 0.0555556 0.236842 0.421053 0.315789 0.0263158 
10_O	1 0.447368 0.552632 0.230769 0.448718 0.320513 0.222222 0.481481 0.296296 0.179487 0.551282 0.269231 0.130435 0.318841 0.355072 0.195652 0.12037 0.324074 0.388889 0.166667 0.1 0.333333 0.422222 0.144444 0.0789474 0.289474 0.552632 0.0789474 
11	1 0.447368 0.552632 0.192308 0.512821 0.294872 0.203704 0.481481 0.314815 0.153846 0.576923 0.269231 0.0869565 0.326087 0.42029 0.166667 0.0648148 0.314815 0.518519 0.101852 0.0777778 0.322222 0.455556 0.144444 0.0263158 0.342105 0.526316 0.105263 
110	1 0.526316 0.473684 0.294872 0.5 0.205128 0.259259 0.518519 0.222222 0.25641 0.551282 0.192308 0.152174 0.391304 0.384058 0.0724638 0.111111 0.472222 0.342593 0.0740741 0.144444 0.366667 0.411111 0.0777778 0.105263 0.447368 0.394737 0.0526316 
110_O	1 0.605263 0.394737 0.25641 0.602564 0.141026 0.351852 0.425926 0.222222 0.410256 0.397436 0.192308 0.144928 0.434783 0.355072 0.0652174 0.0925926 0.527778 0.324074 0.0555556 0.233333 0.4 0.2 0.166667 0.289474 0.263158 0.368421 0.0789474 
111	1 0.526316 0.473684 0.24359 0.487179 0.269231 0.277778 0.481481 0.240741 0.25641 0.551282 0.192308 0.144928 0.318841 0.398551 0.137681 0.138889 0.333333 0.425926 0.101852 0.133333 0.344444 0.411111 0.111111 0.0789474 0.5 0.342105 0.0789474 
111_O	1 0.473684 0.526316 0.166667 0.551282 0.282051 0.166667 0.555556 0.277778 0.217949 0.525641 0.25641 0.057971 0.326087 0.5 0.115942 0.037037 0.37037 0.453704 0.138889 0.0555556 0.355556 0.466667 0.122222 0.0789474 0.421053 0.368421 0.131579 
112	1 0.394737 0.605263 0.0897436 0.589744 0.320513 0.203704 0.37037 0.425926 0.128205 0.538462 0.333333 0.0289855 0.289855 0.492754 0.188406 0.00925926 0.277778 0.564815 0.148148 0.1 0.211111 0.433333 0.255556 0 0.394737 0.447368 0.157895 
112_O	1 0.421053 0.578947 0.141026 0.474359 0.384615 0.166667 0.5 0.333333 0.166667 0.525641 0.307692 0.0507246 0.282609 0.442029 0.224638 0.0555556 0.268519 0.472222 0.203704 0.0444444 0.322222 0.422222 0.211111 0.0526316 0.342105 0.473684 0.131579 
113	1 0.473684 0.526316 0.205128 0.564103 0.230769 0.259259 0.425926 0.314815 0.179487 0.576923 0.24359 0.108696 0.347826 0.42029 0.123188 0.0648148 0.407407 0.444444 0.0833333 0.111111 0.366667 0.366667 0.155556 0.0263158 0.421053 0.421053 0.131579 
113_O	1 0.421053 0.578947 0.115385 0.551282 0.333333 0.185185 0.444444 0.37037 0.115385 0.602564 0.282051 0.0362319 0.289855 0.478261 0.195652 0.0185185 0.268519 0.583333 0.12963 0.0777778 0.222222 0.511111 0.188889 0.0263158 0.263158 0.631579 0.0789474 
114	1 0.368421 0.631579 0.0769231 0.512821 0.410256 0.0740741 0.5 0.425926 0.128205 0.461538 0.410256 0.00724638 0.195652 0.543478 0.253623 0.0185185 0.212963 0.481481 0.287037 0.0111111 0.233333 0.5 0.255556 0.0526316 0.131579 0.5 0.315789 
114_O	1 0.578947 0.421053 0.307692 0.576923 0.115385 0.388889 0.425926 0.185185 0.371795 0.423077 0.205128 0.181159 0.471014 0.326087 0.0217391 0.166667 0.527778 0.25 0.0555556 0.288889 0.3 0.333333 0.0777778 0.263158 0.368421 0.289474 0.0789474 
115	1 0.447368 0.552632 0.153846 0.538462 0.307692 0.166667 0.537037 0.296296 0.192308 0.512821 0.294872 0.0434783 0.333333 0.463768 0.15942 0.0740741 0.268519 0.537037 0.12037 0.0555556 0.333333 0.455556 0.155556 0.0526316 0.315789 0.473684 0.157895 
115_O	1 0.552632 0.447368 0.333333 0.474359 0.192308 0.277778 0.5 0.222222 0.24359 0.589744 0.166667 0.173913 0.405797 0.326087 0.0942029 0.138889 0.444444 0.342593 0.0740741 0.144444 0.433333 0.355556 0.0666667 0.0526316 0.421053 0.473684 0.0526316 
116	1 0.447368 0.552632 0.192308 0.538462 0.269231 0.185185 0.5 0.314815 0.166667 0.551282 0.282051 0.0724638 0.362319 0.413043 0.152174 0.0648148 0.361111 0.444444 0.12963 0.0888889 0.3 0.477778 0.133333 0 0.421053 0.394737 0.184211 
116_O	1 0.552632 0.447368 0.24359 0.551282 0.205128 0.333333 0.425926 0.240741 0.25641 0.589744 0.153846 0.152174 0.362319 0.384058 0.101449 0.12963 0.37963 0.425926 0.0648148 0.177778 0.355556 0.355556 0.111111 0.0789474 0.526316 0.368421 0.0263158 
117	1 0.421053 0.578947 0.153846 0.564103 0.282051 0.222222 0.407407 0.37037 0.192308 0.461538 0.346154 0.057971 0.369565 0.398551 0.173913 0.037037 0.37037 0.444444 0.148148 0.155556 0.211111 0.411111 0.222222 0.157895 0.210526 0.394737 0.236842 
117_O	1 0.5 0.5 0.217949 0.525641 0.25641 0.166667 0.574074 0.259259 0.282051 0.435897 0.282051 0.0797101 0.34058 0.471014 0.108696 0.0925926 0.388889 0.37037 0.148148 0.0777778 0.388889 0.411111 0.122222 0.131579 0.210526 0.447368 0.210526 
118	1 0.552632 0.447368 0.269231 0.589744 0.141026 0.296296 0.5 0.203704 0.269231 0.551282 0.179487 0.123188 0.471014 0.362319 0.0434783 0.0925926 0.527778 0.324074 0.0555556 0.144444 0.444444 0.333333 0.0777778 0.105263 0.5 0.315789 0.0789474 
118_O	1 0.631579 0.368421 0.24359 0.653846 0.102564 0.462963 0.333333 0.203704 0.423077 0.423077 0.153846 0.144928 0.463768 0.369565 0.0217391 0.0833333 0.638889 0.259259 0.0185185 0.288889 0.388889 0.144444 0.177778 0.315789 0.394737 0.157895 0.131579 
119	1 0.368421 0.631579 0.0769231 0.487179 0.435897 0.0925926 0.462963 0.444444 0.166667 0.384615 0.448718 0.00724638 0.181159 0.528986 0.282609 0.0277778 0.231481 0.416667 0.324074 0.0444444 0.188889 0.466667 0.3 0.0526316 0.210526 0.263158 0.473684 
119_O	1 0.552632 0.447368 0.294872 0.551282 0.153846 0.314815 0.444444 0.240741 0.282051 0.525641 0.192308 0.152174 0.449275 0.326087 0.0724638 0.138889 0.425926 0.388889 0.0462963 0.188889 0.4 0.3 0.111111 0.105263 0.447368 0.368421 0.0789474 
11_O	1 0.5 0.5 0.192308 0.641026 0.166667 0.314815 0.37037 0.314815 0.307692 0.397436 0.294872 0.101449 0.391304 0.442029 0.0652174 0.0925926 0.444444 0.398148 0.0648148 0.2 0.322222 0.255556 0.222222 0.184211 0.263158 0.394737 0.157895 
12	1 0.473684 0.526316 0.24359 0.5 0.25641 0.240741 0.5 0.259259 0.192308 0.551282 0.25641 0.123188 0.362319 0.384058 0.130435 0.111111 0.388889 0.37963 0.12037 0.133333 0.288889 0.488889 0.0888889 0.0526316 0.394737 0.447368 0.105263 
120	1 0.605263 0.394737 0.435897 0.423077 0.141026 0.407407 0.444444 0.148148 0.358974 0.5 0.141026 0.289855 0.442029 0.195652 0.0724638 0.287037 0.425926 0.240741 0.0462963 0.244444 0.488889 0.188889 0.0777778 0.210526 0.473684 0.289474 0.0263158 
120_O	1 0.421053 0.578947 0.179487 0.5 0.320513 0.166667 0.574074 0.259259 0.179487 0.5 0.320513 0.0652174 0.326087 0.478261 0.130435 0.0833333 0.333333 0.425926 0.157407 0.0444444 0.355556 0.477778 0.122222 0.105263 0.368421 0.315789 0.210526 
121	1 0.368421 0.631579 0.166667 0.384615 0.448718 0.185185 0.351852 0.462963 0.102564 0.525641 0.371795 0.101449 0.231884 0.304348 0.362319 0.0648148 0.25 0.37037 0.314815 0.0666667 0.288889 0.311111 0.333333 0 0.289474 0.5 0.210526 
121_O	1 0.526316 0.473684 0.282051 0.474359 0.24359 0.240741 0.518519 0.240741 0.269231 0.538462 0.192308 0.144928 0.384058 0.34058 0.130435 0.12963 0.398148 0.37037 0.101852 0.1 0.455556 0.333333 0.111111 0.105263 0.368421 0.473684 0.0526316 
122	1 0.605263 0.394737 0.371795 0.423077 0.205128 0.388889 0.407407 0.203704 0.346154 0.487179 0.166667 0.253623 0.333333 0.304348 0.108696 0.212963 0.37963 0.324074 0.0833333 0.244444 0.388889 0.277778 0.0888889 0.184211 0.394737 0.342105 0.0789474 
122_O	1 0.473684 0.526316 0.153846 0.564103 0.282051 0.222222 0.425926 0.351852 0.205128 0.525641 0.269231 0.0434783 0.362319 0.42029 0.173913 0.0648148 0.268519 0.555556 0.111111 0.133333 0.222222 0.466667 0.177778 0.0789474 0.289474 0.473684 0.157895 
123	1 0.552632 0.447368 0.166667 0.576923 0.25641 0.240741 0.518519 0.240741 0.333333 0.423077 0.24359 0.0507246 0.355072 0.471014 0.123188 0.0740741 0.407407 0.361111 0.157407 0.133333 0.322222 0.4 0.144444 0.184211 0.236842 0.394737 0.184211 
123_O	1 0.421053 0.578947 0.153846 0.551282 0.294872 0.148148 0.574074 0.277778 0.217949 0.423077 0.358974 0.0507246 0.326087 0.5 0.123188 0.0740741 0.351852 0.398148 0.175926 0.0555556 0.344444 0.433333 0.166667 0.131579 0.210526 0.5 0.157895 
124	1 0.578947 0.421053 0.358974 0.435897 0.205128 0.314815 0.5 0.185185 0.294872 0.551282 0.153846 0.210145 0.405797 0.268116 0.115942 0.194444 0.416667 0.277778 0.111111 0.166667 0.433333 0.344444 0.0555556 0.131579 0.473684 0.342105 0.0526316 
124_O	1 0.447368 0.552632 0.205128 0.576923 0.217949 0.240741 0.462963 0.296296 0.141026 0.628205 0.230769 0.0869565 0.427536 0.384058 0.101449 0.0648148 0.388889 0.5 0.0462963 0.111111 0.344444 0.433333 0.111111 0.0526316 0.394737 0.5 0.0526316 
125	1 0.447368 0.552632 0.230769 0.538462 0.230769 0.240741 0.481481 0.277778 0.192308 0.538462 0.269231 0.108696 0.413043 0.384058 0.0942029 0.111111 0.361111 0.444444 0.0833333 0.0888889 0.433333 0.333333 0.144444 0.0789474 0.5 0.315789 0.105263 
125_O	1 0.578947 0.421053 0.448718 0.435897 0.115385 0.407407 0.462963 0.12963 0.371795 0.410256 0.217949 0.326087 0.405797 0.231884 0.0362319 0.333333 0.37963 0.240741 0.0462963 0.3 0.366667 0.288889 0.0444444 0.289474 0.421053 0.184211 0.105263 
126	1 0.605263 0.394737 0.397436 0.461538 0.141026 0.407407 0.481481 0.111111 0.346154 0.538462 0.115385 0.253623 0.478261 0.217391 0.0507246 0.268519 0.435185 0.25 0.0462963 0.222222 0.477778 0.277778 0.0222222 0.289474 0.447368 0.263158 0 
126_O	1 0.447368 0.552632 0.192308 0.538462 0.269231 0.185185 0.62963 0.185185 0.230769 0.461538 0.307692 0.0434783 0.449275 0.434783 0.0724638 0.111111 0.342593 0.407407 0.138889 0.0555556 0.411111 0.455556 0.0777778 0.184211 0.421053 0.263158 0.131579 
127	1 0.526316 0.473684 0.217949 0.551282 0.230769 0.240741 0.537037 0.222222 0.25641 0.551282 0.192308 0.0797101 0.427536 0.384058 0.108696 0.0740741 0.472222 0.342593 0.111111 0.1 0.388889 0.433333 0.0777778 0.0789474 0.421053 0.447368 0.0526316 
127_O	1 0.473684 0.526316 0.24359 0.448718 0.307692 0.185185 0.537037 0.277778 0.192308 0.576923 0.230769 0.115942 0.347826 0.355072 0.181159 0.0925926 0.37037 0.361111 0.175926 0.0444444 0.433333 0.388889 0.133333 0.0526316 0.421053 0.447368 0.0789474 
128	1 0.631579 0.368421 0.423077 0.448718 0.128205 0.407407 0.518519 0.0740741 0.423077 0.448718 0.128205 0.268116 0.492754 0.195652 0.0434783 0.333333 0.37963 0.25 0.037037 0.233333 0.5 0.255556 0.0111111 0.342105 0.394737 0.236842 0.0263158 
128_O	1 0.552632 0.447368 0.25641 0.564103 0.179487 0.351852 0.388889 0.259259 0.294872 0.538462 0.166667 0.152174 0.405797 0.355072 0.0869565 0.111111 0.481481 0.351852 0.0555556 0.2 0.355556 0.311111 0.133333 0.157895 0.447368 0.315789 0.0789474 
129	1 0.421053 0.578947 0.192308 0.512821 0.294872 0.203704 0.5 0.296296 0.115385 0.602564 0.282051 0.0869565 0.34058 0.42029 0.152174 0.0555556 0.361111 0.472222 0.111111 0.0666667 0.344444 0.466667 0.122222 0 0.368421 0.552632 0.0789474 
129_O	1 0.5 0.5 0.166667 0.641026 0.192308 0.240741 0.481481 0.277778 0.282051 0.435897 0.282051 0.057971 0.405797 0.463768 0.0724638 0.0555556 0.444444 0.388889 0.111111 0.122222 0.4 0.3 0.177778 0.157895 0.263158 0.447368 0.131579 
12_O	1 0.5 0.5 0.205128 0.525641 0.269231 0.148148 0.611111 0.240741 0.269231 0.448718 0.282051 0.0434783 0.384058 0.449275 0.123188 0.101852 0.342593 0.407407 0.148148 0.0666667 0.366667 0.466667 0.1 0.105263 0.263158 0.368421 0.263158 
13	1 0.473684 0.526316 0.128205 0.589744 0.282051 0.222222 0.481481 0.296296 0.192308 0.551282 0.25641 0.0362319 0.34058 0.485507 0.137681 0.037037 0.324074 0.527778 0.111111 0.1 0.288889 0.455556 0.155556 0.0526316 0.394737 0.447368 0.105263 
130	1 0.578947 0.421053 0.358974 0.5 0.141026 0.333333 0.518519 0.148148 0.333333 0.474359 0.192308 0.202899 0.456522 0.297101 0.0434783 0.194444 0.490741 0.240741 0.0740741 0.222222 0.377778 0.366667 0.0333333 0.184211 0.421053 0.342105 0.0526316 
130_O	1 0.526316 0.473684 0.269231 0.525641 0.205128 0.296296 0.5 0.203704 0.25641 0.564103 0.179487 0.152174 0.384058 0.398551 0.0652174 0.138889 0.444444 0.342593 0.0740741 0.133333 0.4 0.4 0.0666667 0.0789474 0.578947 0.289474 0.0526316 
131	1 0.552632 0.447368 0.333333 0.461538 0.205128 0.259259 0.611111 0.12963 0.333333 0.474359 0.192308 0.173913 0.434783 0.34058 0.0507246 0.212963 0.351852 0.351852 0.0833333 0.111111 0.511111 0.344444 0.0333333 0.236842 0.473684 0.210526 0.0789474 
131_O	1 0.447368 0.552632 0.205128 0.448718 0.346154 0.166667 0.555556 0.277778 0.179487 0.551282 0.269231 0.101449 0.282609 0.442029 0.173913 0.0925926 0.268519 0.472222 0.166667 0.0555556 0.322222 0.511111 0.111111 0.0789474 0.368421 0.473684 0.0789474 
132	1 0.473684 0.526316 0.269231 0.487179 0.24359 0.277778 0.407407 0.314815 0.25641 0.435897 0.307692 0.181159 0.304348 0.376812 0.137681 0.148148 0.342593 0.388889 0.12037 0.188889 0.322222 0.288889 0.2 0.131579 0.289474 0.421053 0.157895 
132_O	1 0.473684 0.526316 0.166667 0.551282 0.282051 0.240741 0.481481 0.277778 0.205128 0.538462 0.25641 0.0507246 0.376812 0.434783 0.137681 0.037037 0.425926 0.425926 0.111111 0.111111 0.288889 0.455556 0.144444 0.0789474 0.368421 0.447368 0.105263 
133	1 0.552632 0.447368 0.282051 0.589744 0.128205 0.333333 0.425926 0.240741 0.320513 0.474359 0.205128 0.15942 0.449275 0.34058 0.0507246 0.12963 0.481481 0.361111 0.0277778 0.211111 0.388889 0.266667 0.133333 0.210526 0.342105 0.342105 0.105263 
133_O	1 0.552632 0.447368 0.24359 0.551282 0.205128 0.259259 0.5 0.240741 0.320513 0.435897 0.24359 0.115942 0.347826 0.456522 0.0797101 0.101852 0.453704 0.324074 0.12037 0.166667 0.344444 0.355556 0.133333 0.157895 0.289474 0.342105 0.210526 
134	1 0.578947 0.421053 0.384615 0.512821 0.102564 0.37037 0.462963 0.166667 0.320513 0.512821 0.166667 0.231884 0.485507 0.253623 0.0289855 0.212963 0.490741 0.268519 0.0277778 0.233333 0.455556 0.244444 0.0666667 0.210526 0.447368 0.263158 0.0789474 
134_O	1 0.368421 0.631579 0.0512821 0.576923 0.371795 0.185185 0.314815 0.5 0.192308 0.346154 0.461538 0.00724638 0.246377 0.478261 0.268116 0.00925926 0.277778 0.444444 0.268519 0.122222 0.166667 0.333333 0.377778 0.105263 0.157895 0.315789 0.421053 
135	1 0.684211 0.315789 0.525641 0.371795 0.102564 0.518519 0.407407 0.0740741 0.461538 0.448718 0.0897436 0.398551 0.384058 0.195652 0.0217391 0.37037 0.472222 0.12037 0.037037 0.333333 0.5 0.133333 0.0333333 0.368421 0.394737 0.236842 0 
135_O	1 0.473684 0.526316 0.294872 0.5 0.205128 0.296296 0.425926 0.277778 0.25641 0.461538 0.282051 0.202899 0.326087 0.398551 0.0724638 0.166667 0.388889 0.351852 0.0925926 0.188889 0.344444 0.311111 0.155556 0.184211 0.394737 0.263158 0.157895 
136	1 0.473684 0.526316 0.282051 0.371795 0.346154 0.222222 0.518519 0.259259 0.192308 0.538462 0.269231 0.15942 0.282609 0.362319 0.195652 0.148148 0.314815 0.314815 0.222222 0.0888889 0.355556 0.444444 0.111111 0.0789474 0.368421 0.447368 0.105263 
136_O	1 0.526316 0.473684 0.128205 0.615385 0.25641 0.240741 0.462963 0.296296 0.294872 0.461538 0.24359 0.0217391 0.362319 0.492754 0.123188 0.0555556 0.305556 0.555556 0.0833333 0.122222 0.333333 0.333333 0.211111 0.131579 0.315789 0.394737 0.157895 
137	1 0.578947 0.421053 0.333333 0.576923 0.0897436 0.333333 0.5 0.166667 0.320513 0.5 0.179487 0.144928 0.572464 0.26087 0.0217391 0.166667 0.509259 0.305556 0.0185185 0.222222 0.4 0.333333 0.0444444 0.157895 0.447368 0.315789 0.0789474 
137_O	1 0.5 0.5 0.230769 0.487179 0.282051 0.240741 0.518519 0.240741 0.25641 0.512821 0.230769 0.101449 0.391304 0.362319 0.144928 0.101852 0.37963 0.398148 0.12037 0.111111 0.377778 0.377778 0.133333 0.157895 0.342105 0.421053 0.0789474 
138	1 0.421053 0.578947 0.205128 0.512821 0.282051 0.166667 0.574074 0.259259 0.179487 0.525641 0.294872 0.0869565 0.362319 0.442029 0.108696 0.0833333 0.388889 0.388889 0.138889 0.0444444 0.388889 0.455556 0.111111 0.105263 0.394737 0.368421 0.131579 
138_O	1 0.394737 0.605263 0.141026 0.512821 0.346154 0.166667 0.462963 0.37037 0.128205 0.512821 0.358974 0.0507246 0.289855 0.456522 0.202899 0.037037 0.287037 0.481481 0.194444 0.0555556 0.277778 0.455556 0.211111 0.0526316 0.263158 0.526316 0.157895 
139	1 0.631579 0.368421 0.384615 0.461538 0.153846 0.444444 0.444444 0.111111 0.435897 0.423077 0.141026 0.275362 0.391304 0.297101 0.0362319 0.259259 0.481481 0.194444 0.0648148 0.277778 0.377778 0.311111 0.0333333 0.394737 0.342105 0.236842 0.0263158 
139_O	1 0.447368 0.552632 0.179487 0.512821 0.307692 0.12963 0.648148 0.222222 0.230769 0.435897 0.333333 0.0652174 0.282609 0.550725 0.101449 0.0648148 0.416667 0.324074 0.194444 0.0333333 0.355556 0.511111 0.1 0.131579 0.263158 0.394737 0.210526 
13_O	1 0.447368 0.552632 0.166667 0.525641 0.307692 0.12963 0.62963 0.240741 0.217949 0.474359 0.307692 0.0434783 0.355072 0.471014 0.130435 0.0555556 0.351852 0.416667 0.175926 0.0444444 0.333333 0.522222 0.1 0.105263 0.342105 0.447368 0.105263 
14	1 0.473684 0.526316 0.230769 0.474359 0.294872 0.240741 0.481481 0.277778 0.192308 0.589744 0.217949 0.130435 0.318841 0.398551 0.152174 0.101852 0.351852 0.435185 0.111111 0.111111 0.288889 0.5 0.1 0.0789474 0.421053 0.447368 0.0526316 
140	1 0.473684 0.526316 0.25641 0.487179 0.25641 0.240741 0.555556 0.203704 0.205128 0.551282 0.24359 0.115942 0.42029 0.347826 0.115942 0.12037 0.416667 0.37037 0.0925926 0.0888889 0.411111 0.422222 0.0777778 0.105263 0.394737 0.421053 0.0789474 
140_O	1 0.552632 0.447368 0.24359 0.512821 0.24359 0.203704 0.592593 0.203704 0.333333 0.410256 0.25641 0.101449 0.34058 0.471014 0.0869565 0.111111 0.398148 0.314815 0.175926 0.1 0.411111 0.4 0.0888889 0.184211 0.342105 0.236842 0.236842 
141	1 0.5 0.5 0.179487 0.538462 0.282051 0.222222 0.518519 0.259259 0.24359 0.512821 0.24359 0.0652174 0.362319 0.42029 0.152174 0.0740741 0.37963 0.407407 0.138889 0.0888889 0.366667 0.388889 0.155556 0.105263 0.315789 0.473684 0.105263 
141_O	1 0.631579 0.368421 0.320513 0.589744 0.0897436 0.444444 0.351852 0.203704 0.487179 0.282051 0.230769 0.181159 0.5 0.289855 0.0289855 0.194444 0.5 0.268519 0.037037 0.388889 0.222222 0.244444 0.144444 0.447368 0.131579 0.210526 0.210526 
142	1 0.631579 0.368421 0.346154 0.512821 0.141026 0.388889 0.444444 0.166667 0.397436 0.474359 0.128205 0.195652 0.463768 0.289855 0.0507246 0.212963 0.407407 0.351852 0.0277778 0.244444 0.4 0.3 0.0555556 0.210526 0.526316 0.184211 0.0789474 
142_O	1 0.473684 0.526316 0.166667 0.551282 0.282051 0.12963 0.592593 0.277778 0.25641 0.423077 0.320513 0.0289855 0.347826 0.5 0.123188 0.0648148 0.324074 0.444444 0.166667 0.0666667 0.322222 0.477778 0.133333 0.131579 0.236842 0.368421 0.263158 
143	1 0.631579 0.368421 0.448718 0.397436 0.153846 0.388889 0.518519 0.0925926 0.384615 0.487179 0.128205 0.297101 0.391304 0.268116 0.0434783 0.305556 0.407407 0.231481 0.0555556 0.222222 0.5 0.266667 0.0111111 0.184211 0.552632 0.210526 0.0526316 
143_O	1 0.368421 0.631579 0.205128 0.397436 0.397436 0.240741 0.259259 0.5 0.192308 0.358974 0.448718 0.137681 0.253623 0.282609 0.326087 0.148148 0.166667 0.407407 0.277778 0.155556 0.233333 0.222222 0.388889 0.131579 0.157895 0.421053 0.289474 
144	1 0.631579 0.368421 0.384615 0.512821 0.102564 0.296296 0.574074 0.12963 0.461538 0.346154 0.192308 0.15942 0.57971 0.231884 0.0289855 0.240741 0.425926 0.287037 0.0462963 0.244444 0.422222 0.288889 0.0444444 0.315789 0.236842 0.289474 0.157895 
144_O	1 0.394737 0.605263 0.0897436 0.74359 0.166667 0.259259 0.314815 0.425926 0.179487 0.435897 0.384615 0.0289855 0.391304 0.521739 0.057971 0 0.37963 0.574074 0.0462963 0.155556 0.3 0.244444 0.3 0.105263 0.315789 0.368421 0.210526 
145	1 0.552632 0.447368 0.294872 0.551282 0.153846 0.296296 0.481481 0.222222 0.269231 0.564103 0.166667 0.137681 0.456522 0.355072 0.0507246 0.12963 0.453704 0.388889 0.0277778 0.155556 0.444444 0.311111 0.0888889 0.0789474 0.473684 0.368421 0.0789474 
145_O	1 0.447368 0.552632 0.217949 0.512821 0.269231 0.240741 0.462963 0.296296 0.179487 0.538462 0.282051 0.115942 0.333333 0.427536 0.123188 0.0740741 0.388889 0.425926 0.111111 0.1 0.377778 0.377778 0.144444 0.105263 0.342105 0.394737 0.157895 
146	1 0.447368 0.552632 0.0897436 0.525641 0.384615 0.222222 0.37037 0.407407 0.24359 0.410256 0.346154 0.0434783 0.246377 0.434783 0.275362 0.0185185 0.324074 0.388889 0.268519 0.122222 0.244444 0.3 0.333333 0.131579 0.210526 0.447368 0.210526 
146_O	1 0.447368 0.552632 0.269231 0.538462 0.192308 0.259259 0.462963 0.277778 0.217949 0.461538 0.320513 0.144928 0.413043 0.355072 0.0869565 0.138889 0.407407 0.37963 0.0740741 0.166667 0.344444 0.333333 0.155556 0.0789474 0.394737 0.368421 0.157895 
147	1 0.473684 0.526316 0.24359 0.461538 0.294872 0.185185 0.537037 0.277778 0.205128 0.525641 0.269231 0.130435 0.268116 0.463768 0.137681 0.0925926 0.398148 0.324074 0.185185 0.0555556 0.422222 0.388889 0.133333 0.0526316 0.342105 0.447368 0.157895 
147_O	1 0.368421 0.631579 0.166667 0.410256 0.423077 0.12963 0.5 0.37037 0.0897436 0.551282 0.358974 0.0869565 0.195652 0.471014 0.246377 0.0462963 0.268519 0.444444 0.240741 0.0333333 0.255556 0.511111 0.2 0.0263158 0.263158 0.526316 0.184211 
148	1 0.5 0.5 0.24359 0.5 0.25641 0.185185 0.62963 0.185185 0.269231 0.461538 0.269231 0.0869565 0.398551 0.427536 0.0869565 0.12037 0.398148 0.324074 0.157407 0.0666667 0.455556 0.388889 0.0888889 0.131579 0.368421 0.368421 0.131579 
148_O	1 0.473684 0.526316 0.217949 0.461538 0.320513 0.148148 0.592593 0.259259 0.217949 0.5 0.282051 0.0869565 0.318841 0.42029 0.173913 0.0925926 0.314815 0.416667 0.175926 0.0555556 0.344444 0.5 0.1 0.0789474 0.263158 0.526316 0.131579 
149	1 0.447368 0.552632 0.166667 0.5 0.333333 0.111111 0.592593 0.296296 0.192308 0.525641 0.282051 0.0507246 0.297101 0.492754 0.15942 0.037037 0.342593 0.416667 0.203704 0.0222222 0.333333 0.522222 0.122222 0.0526316 0.421053 0.342105 0.184211 
149_O	1 0.473684 0.526316 0.141026 0.628205 0.230769 0.259259 0.37037 0.37037 0.269231 0.397436 0.333333 0.0507246 0.376812 0.427536 0.144928 0.0462963 0.388889 0.425926 0.138889 0.188889 0.222222 0.344444 0.244444 0.157895 0.236842 0.342105 0.263158 
14_O	1 0.421053 0.578947 0.141026 0.5 0.358974 0.111111 0.555556 0.333333 0.179487 0.487179 0.333333 0.0434783 0.246377 0.521739 0.188406 0.0277778 0.361111 0.37963 0.231481 0.0333333 0.266667 0.522222 0.177778 0.0789474 0.210526 0.5 0.210526 
15	1 0.578947 0.421053 0.320513 0.512821 0.166667 0.351852 0.444444 0.203704 0.294872 0.576923 0.128205 0.210145 0.369565 0.362319 0.057971 0.157407 0.462963 0.333333 0.0462963 0.211111 0.366667 0.355556 0.0666667 0.131579 0.5 0.368421 0 
150	1 0.315789 0.684211 0.0897436 0.512821 0.397436 0.0740741 0.518519 0.407407 0.0641026 0.512821 0.423077 0.0144928 0.217391 0.565217 0.202899 0.0185185 0.212963 0.574074 0.194444 0 0.233333 0.555556 0.211111 0 0.131579 0.684211 0.184211 
150_O	1 0.5 0.5 0.269231 0.512821 0.217949 0.277778 0.5 0.222222 0.269231 0.487179 0.24359 0.166667 0.369565 0.376812 0.0869565 0.175926 0.324074 0.416667 0.0833333 0.144444 0.377778 0.377778 0.1 0.184211 0.421053 0.315789 0.0789474 
151	1 0.421053 0.578947 0.166667 0.602564 0.230769 0.222222 0.425926 0.351852 0.166667 0.525641 0.307692 0.057971 0.405797 0.427536 0.108696 0.037037 0.388889 0.490741 0.0833333 0.111111 0.344444 0.344444 0.2 0.0526316 0.394737 0.394737 0.157895 
151_O	1 0.552632 0.447368 0.269231 0.487179 0.24359 0.185185 0.666667 0.148148 0.307692 0.487179 0.205128 0.0869565 0.42029 0.405797 0.0869565 0.148148 0.361111 0.388889 0.101852 0.0555556 0.477778 0.433333 0.0333333 0.105263 0.447368 0.263158 0.184211 
152	1 0.447368 0.552632 0.102564 0.576923 0.320513 0.203704 0.444444 0.351852 0.166667 0.551282 0.282051 0.0217391 0.297101 0.5 0.181159 0.0185185 0.314815 0.527778 0.138889 0.0888889 0.255556 0.444444 0.211111 0.0263158 0.368421 0.394737 0.210526 
152_O	1 0.368421 0.631579 0.128205 0.474359 0.397436 0.111111 0.574074 0.314815 0.128205 0.474359 0.397436 0.0217391 0.282609 0.485507 0.210145 0.0462963 0.296296 0.425926 0.231481 0.0222222 0.266667 0.533333 0.177778 0.0526316 0.236842 0.473684 0.236842 
153	1 0.421053 0.578947 0.192308 0.551282 0.25641 0.222222 0.481481 0.296296 0.179487 0.487179 0.333333 0.0942029 0.369565 0.42029 0.115942 0.0740741 0.37037 0.425926 0.12963 0.122222 0.311111 0.4 0.166667 0.131579 0.342105 0.394737 0.131579 
153_O	1 0.368421 0.631579 0.179487 0.5 0.320513 0.148148 0.481481 0.37037 0.128205 0.474359 0.397436 0.0942029 0.253623 0.485507 0.166667 0.0555556 0.351852 0.398148 0.194444 0.0555556 0.322222 0.411111 0.211111 0.0263158 0.263158 0.473684 0.236842 
154	1 0.5 0.5 0.307692 0.576923 0.115385 0.333333 0.444444 0.222222 0.282051 0.448718 0.269231 0.181159 0.485507 0.304348 0.0289855 0.175926 0.453704 0.333333 0.037037 0.233333 0.344444 0.311111 0.111111 0.236842 0.394737 0.236842 0.131579 
154_O	1 0.552632 0.447368 0.294872 0.512821 0.192308 0.277778 0.574074 0.148148 0.282051 0.512821 0.205128 0.130435 0.463768 0.333333 0.0724638 0.148148 0.444444 0.314815 0.0925926 0.111111 0.5 0.333333 0.0555556 0.184211 0.342105 0.394737 0.0789474 
155	1 0.473684 0.526316 0.205128 0.512821 0.282051 0.148148 0.592593 0.259259 0.217949 0.5 0.282051 0.057971 0.362319 0.449275 0.130435 0.0648148 0.37037 0.425926 0.138889 0.0555556 0.344444 0.5 0.1 0.0789474 0.342105 0.368421 0.210526 
155_O	1 0.368421 0.631579 0.179487 0.435897 0.384615 0.166667 0.425926 0.407407 0.0769231 0.564103 0.358974 0.0869565 0.26087 0.405797 0.246377 0.0277778 0.333333 0.398148 0.240741 0.0666667 0.255556 0.466667 0.211111 0 0.236842 0.631579 0.131579 
156	1 0.552632 0.447368 0.346154 0.474359 0.179487 0.333333 0.481481 0.185185 0.282051 0.538462 0.179487 0.217391 0.405797 0.289855 0.0869565 0.203704 0.425926 0.296296 0.0740741 0.2 0.411111 0.311111 0.0777778 0.131579 0.447368 0.368421 0.0526316 
156_O	1 0.5 0.5 0.24359 0.564103 0.192308 0.240741 0.537037 0.222222 0.230769 0.538462 0.230769 0.0869565 0.463768 0.384058 0.0652174 0.12037 0.37963 0.453704 0.0462963 0.1 0.433333 0.377778 0.0888889 0.0789474 0.447368 0.368421 0.105263 
157	1 0.394737 0.605263 0.166667 0.512821 0.320513 0.166667 0.444444 0.388889 0.166667 0.435897 0.397436 0.057971 0.318841 0.434783 0.188406 0.0648148 0.25 0.509259 0.175926 0.0777778 0.333333 0.344444 0.244444 0.0526316 0.263158 0.421053 0.263158 
157_O	1 0.552632 0.447368 0.166667 0.692308 0.141026 0.351852 0.333333 0.314815 0.384615 0.320513 0.294872 0.0797101 0.405797 0.456522 0.057971 0.0740741 0.435185 0.435185 0.0555556 0.255556 0.333333 0.122222 0.288889 0.236842 0.289474 0.210526 0.263158 
158	1 0.552632 0.447368 0.294872 0.461538 0.24359 0.277778 0.518519 0.203704 0.282051 0.538462 0.179487 0.137681 0.405797 0.333333 0.123188 0.148148 0.435185 0.296296 0.12037 0.155556 0.333333 0.455556 0.0555556 0.105263 0.447368 0.315789 0.131579 
158_O	1 0.421053 0.578947 0.0897436 0.641026 0.269231 0.148148 0.462963 0.388889 0.179487 0.461538 0.358974 0.00724638 0.282609 0.586957 0.123188 0.0185185 0.287037 0.555556 0.138889 0.0555556 0.322222 0.388889 0.233333 0.0526316 0.210526 0.447368 0.289474 
159	1 0.447368 0.552632 0.25641 0.564103 0.179487 0.296296 0.37037 0.333333 0.192308 0.525641 0.282051 0.166667 0.369565 0.391304 0.0724638 0.0833333 0.490741 0.333333 0.0925926 0.166667 0.388889 0.244444 0.2 0.131579 0.368421 0.394737 0.105263 
159_O	1 0.473684 0.526316 0.205128 0.551282 0.24359 0.166667 0.574074 0.259259 0.205128 0.525641 0.269231 0.0652174 0.376812 0.456522 0.101449 0.0740741 0.388889 0.416667 0.12037 0.0555556 0.388889 0.455556 0.1 0.0789474 0.236842 0.578947 0.105263 
15_O	1 0.421053 0.578947 0.141026 0.628205 0.230769 0.240741 0.351852 0.407407 0.166667 0.5 0.333333 0.0652174 0.333333 0.485507 0.115942 0.0185185 0.398148 0.453704 0.12963 0.144444 0.266667 0.344444 0.244444 0.0789474 0.289474 0.447368 0.184211 
16	1 0.342105 0.657895 0.153846 0.435897 0.410256 0.12963 0.425926 0.444444 0.141026 0.423077 0.435897 0.0434783 0.318841 0.355072 0.282609 0.037037 0.296296 0.37963 0.287037 0.1 0.166667 0.444444 0.288889 0.105263 0.210526 0.394737 0.289474 
160	1 0.473684 0.526316 0.25641 0.538462 0.205128 0.259259 0.5 0.240741 0.192308 0.576923 0.230769 0.123188 0.449275 0.333333 0.0942029 0.12037 0.407407 0.407407 0.0648148 0.1 0.455556 0.333333 0.111111 0.105263 0.421053 0.394737 0.0789474 
160_O	1 0.5 0.5 0.24359 0.551282 0.205128 0.277778 0.481481 0.240741 0.282051 0.448718 0.269231 0.115942 0.427536 0.376812 0.0797101 0.12963 0.388889 0.398148 0.0833333 0.166667 0.366667 0.322222 0.144444 0.236842 0.236842 0.421053 0.105263 
161	1 0.447368 0.552632 0.166667 0.538462 0.294872 0.203704 0.444444 0.351852 0.192308 0.512821 0.294872 0.0652174 0.34058 0.405797 0.188406 0.0555556 0.37037 0.407407 0.166667 0.111111 0.255556 0.455556 0.177778 0.0526316 0.315789 0.421053 0.210526 
161_O	1 0.5 0.5 0.179487 0.538462 0.282051 0.240741 0.481481 0.277778 0.25641 0.474359 0.269231 0.0797101 0.347826 0.405797 0.166667 0.101852 0.314815 0.425926 0.157407 0.122222 0.322222 0.377778 0.177778 0.131579 0.315789 0.421053 0.131579 
162	1 0.473684 0.526316 0.320513 0.435897 0.24359 0.296296 0.407407 0.296296 0.230769 0.487179 0.282051 0.217391 0.326087 0.318841 0.137681 0.185185 0.333333 0.351852 0.12963 0.166667 0.4 0.255556 0.177778 0.131579 0.394737 0.342105 0.131579 
162_O	1 0.526316 0.473684 0.230769 0.487179 0.282051 0.277778 0.425926 0.296296 0.25641 0.525641 0.217949 0.123188 0.318841 0.391304 0.166667 0.12963 0.277778 0.472222 0.12037 0.144444 0.322222 0.377778 0.155556 0.0789474 0.421053 0.368421 0.131579 
163	1 0.526316 0.473684 0.307692 0.487179 0.205128 0.277778 0.537037 0.185185 0.25641 0.551282 0.192308 0.166667 0.42029 0.333333 0.0797101 0.138889 0.444444 0.351852 0.0648148 0.144444 0.422222 0.377778 0.0555556 0.157895 0.394737 0.394737 0.0526316 
163_O	1 0.578947 0.421053 0.294872 0.512821 0.192308 0.314815 0.5 0.185185 0.333333 0.487179 0.179487 0.173913 0.369565 0.398551 0.057971 0.138889 0.435185 0.342593 0.0833333 0.166667 0.433333 0.311111 0.0888889 0.236842 0.394737 0.289474 0.0789474 
164	1 0.5 0.5 0.230769 0.576923 0.192308 0.240741 0.5 0.259259 0.24359 0.5 0.25641 0.0869565 0.427536 0.42029 0.0652174 0.0833333 0.444444 0.37037 0.101852 0.122222 0.4 0.344444 0.133333 0.105263 0.368421 0.421053 0.105263 
164_O	1 0.552632 0.447368 0.282051 0.487179 0.230769 0.296296 0.481481 0.222222 0.230769 0.615385 0.153846 0.152174 0.369565 0.362319 0.115942 0.111111 0.407407 0.407407 0.0740741 0.122222 0.422222 0.377778 0.0777778 0.0526316 0.526316 0.368421 0.0526316 
165	1 0.473684 0.526316 0.205128 0.512821 0.282051 0.12963 0.666667 0.203704 0.217949 0.512821 0.269231 0.0507246 0.369565 0.478261 0.101449 0.0833333 0.361111 0.435185 0.12037 0.0222222 0.4 0.522222 0.0555556 0.0789474 0.315789 0.447368 0.157895 
165_O	1 0.5 0.5 0.115385 0.782051 0.102564 0.314815 0.314815 0.37037 0.384615 0.230769 0.384615 0.0362319 0.456522 0.463768 0.0434783 0.0462963 0.435185 0.472222 0.0462963 0.277778 0.233333 0.177778 0.311111 0.289474 0.210526 0.105263 0.394737 
166	1 0.473684 0.526316 0.269231 0.461538 0.269231 0.203704 0.555556 0.240741 0.179487 0.576923 0.24359 0.137681 0.34058 0.391304 0.130435 0.111111 0.398148 0.361111 0.12963 0.0777778 0.411111 0.422222 0.0888889 0.0526316 0.315789 0.552632 0.0789474 
166_O	1 0.605263 0.394737 0.358974 0.423077 0.217949 0.333333 0.481481 0.185185 0.294872 0.576923 0.128205 0.210145 0.355072 0.326087 0.108696 0.175926 0.425926 0.296296 0.101852 0.155556 0.477778 0.311111 0.0555556 0.0789474 0.473684 0.394737 0.0526316 
167	1 0.5 0.5 0.230769 0.512821 0.25641 0.240741 0.481481 0.277778 0.25641 0.5 0.24359 0.115942 0.355072 0.391304 0.137681 0.12963 0.314815 0.453704 0.101852 0.111111 0.4 0.333333 0.155556 0.105263 0.368421 0.368421 0.157895 
167_O	1 0.631579 0.368421 0.307692 0.564103 0.128205 0.388889 0.462963 0.148148 0.346154 0.564103 0.0897436 0.15942 0.478261 0.333333 0.0289855 0.138889 0.527778 0.324074 0.00925926 0.188889 0.477778 0.277778 0.0555556 0.131579 0.605263 0.263158 0 
168	1 0.710526 0.289474 0.512821 0.423077 0.0641026 0.5 0.444444 0.0555556 0.512821 0.397436 0.0897436 0.355072 0.478261 0.166667 0 0.361111 0.453704 0.166667 0.0185185 0.355556 0.477778 0.155556 0.0111111 0.421053 0.394737 0.157895 0.0263158 
168_O	1 0.368421 0.631579 0.115385 0.487179 0.397436 0.111111 0.481481 0.407407 0.115385 0.512821 0.371795 0.0289855 0.253623 0.471014 0.246377 0.0185185 0.296296 0.425926 0.259259 0.0333333 0.255556 0.488889 0.222222 0.0263158 0.184211 0.552632 0.236842 
169	1 0.447368 0.552632 0.153846 0.538462 0.307692 0.203704 0.481481 0.314815 0.179487 0.538462 0.282051 0.0507246 0.34058 0.449275 0.15942 0.0555556 0.314815 0.481481 0.148148 0.0777778 0.333333 0.4 0.188889 0.0526316 0.394737 0.447368 0.105263 
169_O	1 0.394737 0.605263 0.217949 0.397436 0.384615 0.166667 0.444444 0.388889 0.128205 0.538462 0.333333 0.115942 0.268116 0.355072 0.26087 0.0740741 0.296296 0.407407 0.222222 0.0888889 0.233333 0.477778 0.2 0.0526316 0.210526 0.605263 0.131579 
16_O	1 0.552632 0.447368 0.384615 0.410256 0.205128 0.351852 0.481481 0.166667 0.294872 0.538462 0.166667 0.26087 0.384058 0.26087 0.0942029 0.259259 0.37963 0.259259 0.101852 0.155556 0.522222 0.244444 0.0777778 0.263158 0.368421 0.342105 0.0263158 
17	1 0.421053 0.578947 0.179487 0.512821 0.307692 0.111111 0.574074 0.314815 0.153846 0.525641 0.320513 0.0362319 0.347826 0.463768 0.152174 0.0833333 0.240741 0.537037 0.138889 0.0333333 0.311111 0.533333 0.122222 0.0263158 0.289474 0.473684 0.210526 
170	1 0.473684 0.526316 0.269231 0.448718 0.282051 0.222222 0.481481 0.296296 0.217949 0.538462 0.24359 0.144928 0.347826 0.34058 0.166667 0.138889 0.351852 0.361111 0.148148 0.0888889 0.411111 0.344444 0.155556 0.0789474 0.342105 0.5 0.0789474 
170_O	1 0.631579 0.368421 0.333333 0.525641 0.141026 0.388889 0.462963 0.148148 0.423077 0.423077 0.153846 0.181159 0.456522 0.326087 0.0362319 0.194444 0.5 0.259259 0.0462963 0.233333 0.422222 0.255556 0.0888889 0.210526 0.5 0.210526 0.0789474 
171	1 0.552632 0.447368 0.294872 0.564103 0.141026 0.333333 0.481481 0.185185 0.307692 0.525641 0.166667 0.15942 0.492754 0.297101 0.0507246 0.166667 0.462963 0.342593 0.0277778 0.177778 0.422222 0.344444 0.0555556 0.184211 0.447368 0.342105 0.0263158 
171_O	1 0.394737 0.605263 0.205128 0.448718 0.346154 0.203704 0.407407 0.388889 0.166667 0.448718 0.384615 0.115942 0.297101 0.347826 0.23913 0.0925926 0.314815 0.342593 0.25 0.122222 0.244444 0.388889 0.244444 0.0789474 0.315789 0.394737 0.210526 
172	1 0.5 0.5 0.269231 0.487179 0.24359 0.259259 0.481481 0.259259 0.192308 0.589744 0.217949 0.144928 0.355072 0.376812 0.123188 0.111111 0.388889 0.388889 0.111111 0.111111 0.411111 0.377778 0.1 0.0263158 0.473684 0.394737 0.105263 
172_O	1 0.5 0.5 0.294872 0.487179 0.217949 0.259259 0.611111 0.12963 0.282051 0.474359 0.24359 0.152174 0.449275 0.333333 0.0652174 0.203704 0.37963 0.324074 0.0925926 0.1 0.477778 0.377778 0.0444444 0.210526 0.473684 0.210526 0.105263 
173	1 0.578947 0.421053 0.358974 0.5 0.141026 0.351852 0.518519 0.12963 0.333333 0.525641 0.141026 0.217391 0.456522 0.297101 0.0289855 0.203704 0.527778 0.212963 0.0555556 0.166667 0.511111 0.288889 0.0333333 0.210526 0.5 0.263158 0.0263158 
173_O	1 0.447368 0.552632 0.205128 0.474359 0.320513 0.185185 0.537037 0.277778 0.166667 0.564103 0.269231 0.101449 0.304348 0.427536 0.166667 0.101852 0.287037 0.453704 0.157407 0.0444444 0.4 0.411111 0.144444 0.0263158 0.447368 0.421053 0.105263 
174	1 0.447368 0.552632 0.205128 0.512821 0.282051 0.166667 0.574074 0.259259 0.179487 0.525641 0.294872 0.0869565 0.326087 0.463768 0.123188 0.0740741 0.37037 0.416667 0.138889 0.0444444 0.411111 0.422222 0.122222 0.0526316 0.289474 0.552632 0.105263 
174_O	1 0.631579 0.368421 0.371795 0.461538 0.166667 0.351852 0.481481 0.166667 0.397436 0.448718 0.153846 0.210145 0.413043 0.304348 0.0724638 0.222222 0.425926 0.268519 0.0833333 0.233333 0.4 0.311111 0.0555556 0.184211 0.368421 0.368421 0.0789474 
175	1 0.473684 0.526316 0.205128 0.461538 0.333333 0.185185 0.5 0.314815 0.205128 0.538462 0.25641 0.0797101 0.304348 0.427536 0.188406 0.101852 0.277778 0.453704 0.166667 0.0777778 0.311111 0.455556 0.155556 0.0526316 0.342105 0.421053 0.184211 
175_O	1 0.5 0.5 0.24359 0.564103 0.192308 0.314815 0.351852 0.333333 0.25641 0.474359 0.269231 0.130435 0.405797 0.347826 0.115942 0.12037 0.37963 0.407407 0.0925926 0.177778 0.355556 0.266667 0.2 0.131579 0.368421 0.342105 0.157895 
176	1 0.605263 0.394737 0.397436 0.448718 0.153846 0.37037 0.5 0.12963 0.333333 0.551282 0.115385 0.268116 0.384058 0.304348 0.0434783 0.222222 0.481481 0.25 0.0462963 0.177778 0.533333 0.255556 0.0333333 0.184211 0.5 0.315789 0 
176_O	1 0.526316 0.473684 0.269231 0.576923 0.153846 0.259259 0.574074 0.166667 0.307692 0.435897 0.25641 0.108696 0.514493 0.333333 0.0434783 0.157407 0.407407 0.361111 0.0740741 0.122222 0.488889 0.311111 0.0777778 0.210526 0.368421 0.315789 0.105263 
177	1 0.447368 0.552632 0.217949 0.474359 0.307692 0.222222 0.444444 0.333333 0.230769 0.448718 0.320513 0.108696 0.34058 0.355072 0.195652 0.111111 0.37037 0.305556 0.212963 0.111111 0.333333 0.355556 0.2 0.131579 0.236842 0.447368 0.184211 
177_O	1 0.631579 0.368421 0.333333 0.538462 0.128205 0.462963 0.314815 0.222222 0.423077 0.448718 0.128205 0.231884 0.434783 0.26087 0.0724638 0.185185 0.518519 0.25 0.0462963 0.322222 0.311111 0.255556 0.111111 0.236842 0.526316 0.184211 0.0526316 
178	1 0.552632 0.447368 0.320513 0.538462 0.141026 0.333333 0.444444 0.222222 0.25641 0.589744 0.153846 0.166667 0.471014 0.318841 0.0434783 0.12037 0.537037 0.287037 0.0555556 0.2 0.4 0.322222 0.0777778 0.105263 0.473684 0.421053 0 
178_O	1 0.605263 0.394737 0.384615 0.435897 0.179487 0.351852 0.518519 0.12963 0.346154 0.5 0.153846 0.202899 0.478261 0.231884 0.0869565 0.240741 0.416667 0.268519 0.0740741 0.2 0.455556 0.311111 0.0333333 0.184211 0.473684 0.210526 0.131579 
179	1 0.447368 0.552632 0.217949 0.525641 0.25641 0.222222 0.481481 0.296296 0.192308 0.525641 0.282051 0.101449 0.369565 0.413043 0.115942 0.0925926 0.351852 0.453704 0.101852 0.1 0.355556 0.4 0.144444 0.0526316 0.447368 0.394737 0.105263 
179_O	1 0.394737 0.605263 0.141026 0.512821 0.346154 0.148148 0.537037 0.314815 0.153846 0.487179 0.358974 0.0362319 0.318841 0.478261 0.166667 0.0648148 0.259259 0.490741 0.185185 0.0444444 0.3 0.5 0.155556 0.0526316 0.342105 0.447368 0.157895 
17_O	1 0.552632 0.447368 0.269231 0.551282 0.179487 0.259259 0.592593 0.148148 0.307692 0.5 0.192308 0.115942 0.463768 0.376812 0.0434783 0.111111 0.490741 0.324074 0.0740741 0.111111 0.5 0.333333 0.0555556 0.210526 0.342105 0.394737 0.0526316 
18	1 0.394737 0.605263 0.205128 0.512821 0.282051 0.148148 0.555556 0.296296 0.153846 0.461538 0.384615 0.057971 0.398551 0.405797 0.137681 0.101852 0.296296 0.453704 0.148148 0.0444444 0.377778 0.422222 0.155556 0.0526316 0.342105 0.368421 0.236842 
180	1 0.421053 0.578947 0.179487 0.576923 0.24359 0.203704 0.462963 0.333333 0.128205 0.589744 0.282051 0.0652174 0.384058 0.434783 0.115942 0.037037 0.407407 0.462963 0.0925926 0.0888889 0.311111 0.455556 0.144444 0 0.394737 0.5 0.105263 
180_O	1 0.368421 0.631579 0.166667 0.435897 0.397436 0.0925926 0.592593 0.314815 0.153846 0.448718 0.397436 0.0652174 0.26087 0.471014 0.202899 0.0648148 0.305556 0.351852 0.277778 0.0111111 0.288889 0.544444 0.155556 0.105263 0.315789 0.342105 0.236842 
181	1 0.526316 0.473684 0.307692 0.525641 0.166667 0.314815 0.444444 0.240741 0.282051 0.487179 0.230769 0.166667 0.463768 0.282609 0.0869565 0.157407 0.407407 0.37963 0.0555556 0.211111 0.355556 0.322222 0.111111 0.184211 0.368421 0.342105 0.105263 
181_O	1 0.578947 0.421053 0.24359 0.666667 0.0897436 0.407407 0.37037 0.222222 0.358974 0.448718 0.192308 0.123188 0.528986 0.326087 0.0217391 0.12037 0.518519 0.351852 0.00925926 0.266667 0.366667 0.222222 0.144444 0.315789 0.289474 0.289474 0.105263 
182	1 0.605263 0.394737 0.397436 0.512821 0.0897436 0.444444 0.407407 0.148148 0.397436 0.423077 0.179487 0.268116 0.492754 0.210145 0.0289855 0.231481 0.537037 0.185185 0.0462963 0.344444 0.333333 0.255556 0.0666667 0.263158 0.578947 0.0526316 0.105263 
182_O	1 0.631579 0.368421 0.346154 0.5 0.153846 0.314815 0.592593 0.0925926 0.358974 0.538462 0.102564 0.152174 0.514493 0.289855 0.0434783 0.194444 0.444444 0.324074 0.037037 0.122222 0.566667 0.311111 0 0.157895 0.5 0.342105 0 
183	1 0.447368 0.552632 0.205128 0.474359 0.320513 0.203704 0.5 0.296296 0.179487 0.538462 0.282051 0.101449 0.289855 0.456522 0.152174 0.0740741 0.361111 0.388889 0.175926 0.0666667 0.377778 0.388889 0.166667 0.0789474 0.368421 0.421053 0.131579 
183_O	1 0.473684 0.526316 0.230769 0.615385 0.153846 0.277778 0.444444 0.277778 0.24359 0.487179 0.269231 0.108696 0.456522 0.398551 0.0362319 0.0833333 0.462963 0.416667 0.037037 0.188889 0.344444 0.322222 0.144444 0.184211 0.289474 0.421053 0.105263 
184	1 0.421053 0.578947 0.24359 0.512821 0.24359 0.166667 0.611111 0.222222 0.230769 0.384615 0.384615 0.0869565 0.442029 0.384058 0.0869565 0.12963 0.37963 0.333333 0.157407 0.1 0.333333 0.466667 0.1 0.184211 0.342105 0.236842 0.236842 
184_O	1 0.552632 0.447368 0.102564 0.666667 0.230769 0.351852 0.314815 0.333333 0.333333 0.423077 0.24359 0.0362319 0.369565 0.449275 0.144928 0.0185185 0.435185 0.435185 0.111111 0.233333 0.222222 0.288889 0.255556 0.184211 0.289474 0.342105 0.184211 
185	1 0.315789 0.684211 0.0897436 0.5 0.410256 0.0555556 0.592593 0.351852 0.153846 0.320513 0.525641 0 0.253623 0.550725 0.195652 0.0462963 0.222222 0.425926 0.305556 0.0111111 0.233333 0.522222 0.233333 0.131579 0.236842 0.289474 0.342105 
185_O	1 0.394737 0.605263 0.0769231 0.589744 0.333333 0.222222 0.37037 0.407407 0.217949 0.358974 0.423077 0.0289855 0.282609 0.485507 0.202899 0.00925926 0.37037 0.398148 0.222222 0.122222 0.244444 0.311111 0.322222 0.157895 0.210526 0.315789 0.315789 
186	1 0.394737 0.605263 0.141026 0.461538 0.397436 0.148148 0.481481 0.37037 0.166667 0.461538 0.371795 0.0507246 0.268116 0.427536 0.253623 0.0555556 0.287037 0.407407 0.25 0.0666667 0.233333 0.466667 0.233333 0.0789474 0.263158 0.394737 0.263158 
186_O	1 0.5 0.5 0.166667 0.666667 0.166667 0.314815 0.425926 0.259259 0.346154 0.320513 0.333333 0.0724638 0.434783 0.442029 0.0507246 0.0555556 0.527778 0.342593 0.0740741 0.222222 0.3 0.255556 0.222222 0.289474 0.263158 0.184211 0.263158 
187	1 0.631579 0.368421 0.384615 0.525641 0.0897436 0.425926 0.462963 0.111111 0.423077 0.423077 0.153846 0.231884 0.521739 0.224638 0.0217391 0.222222 0.564815 0.175926 0.037037 0.288889 0.422222 0.233333 0.0555556 0.289474 0.447368 0.210526 0.0526316 
187_O	1 0.473684 0.526316 0.230769 0.551282 0.217949 0.259259 0.5 0.240741 0.192308 0.564103 0.24359 0.101449 0.42029 0.398551 0.0797101 0.0833333 0.444444 0.398148 0.0740741 0.122222 0.377778 0.4 0.1 0.131579 0.289474 0.526316 0.0526316 
188	1 0.605263 0.394737 0.346154 0.474359 0.179487 0.351852 0.462963 0.185185 0.358974 0.474359 0.166667 0.217391 0.355072 0.355072 0.0724638 0.212963 0.407407 0.296296 0.0833333 0.188889 0.455556 0.266667 0.0888889 0.184211 0.342105 0.421053 0.0526316 
188_O	1 0.552632 0.447368 0.282051 0.564103 0.153846 0.333333 0.462963 0.203704 0.269231 0.551282 0.179487 0.144928 0.478261 0.304348 0.0724638 0.157407 0.407407 0.388889 0.0462963 0.166667 0.433333 0.322222 0.0777778 0.131579 0.5 0.289474 0.0789474 
189	1 0.473684 0.526316 0.179487 0.487179 0.333333 0.185185 0.537037 0.277778 0.24359 0.474359 0.282051 0.0652174 0.34058 0.413043 0.181159 0.0648148 0.324074 0.425926 0.185185 0.0666667 0.366667 0.4 0.166667 0.105263 0.394737 0.394737 0.105263 
189_O	1 0.473684 0.526316 0.230769 0.5 0.269231 0.166667 0.555556 0.277778 0.179487 0.551282 0.269231 0.0869565 0.355072 0.413043 0.144928 0.0833333 0.37037 0.388889 0.157407 0.0666667 0.366667 0.455556 0.111111 0.0526316 0.263158 0.526316 0.157895 
18_O	1 0.5 0.5 0.25641 0.461538 0.282051 0.203704 0.518519 0.277778 0.25641 0.5 0.24359 0.115942 0.355072 0.369565 0.15942 0.138889 0.314815 0.407407 0.138889 0.0888889 0.377778 0.411111 0.122222 0.0789474 0.368421 0.394737 0.157895 
19	1 0.552632 0.447368 0.230769 0.551282 0.217949 0.296296 0.462963 0.240741 0.269231 0.538462 0.192308 0.101449 0.405797 0.376812 0.115942 0.0740741 0.444444 0.407407 0.0740741 0.166667 0.333333 0.411111 0.0888889 0.105263 0.342105 0.447368 0.105263 
190	1 0.552632 0.447368 0.294872 0.589744 0.115385 0.314815 0.481481 0.203704 0.320513 0.461538 0.217949 0.137681 0.514493 0.318841 0.0289855 0.148148 0.481481 0.314815 0.0555556 0.2 0.411111 0.3 0.0888889 0.236842 0.342105 0.289474 0.131579 
190_O	1 0.473684 0.526316 0.141026 0.653846 0.205128 0.259259 0.407407 0.333333 0.230769 0.474359 0.294872 0.0434783 0.391304 0.471014 0.0942029 0.0277778 0.416667 0.481481 0.0740741 0.155556 0.277778 0.366667 0.2 0.105263 0.289474 0.447368 0.157895 
191	1 0.473684 0.526316 0.217949 0.589744 0.192308 0.259259 0.518519 0.222222 0.217949 0.512821 0.269231 0.0942029 0.442029 0.413043 0.0507246 0.0648148 0.490741 0.361111 0.0833333 0.122222 0.4 0.366667 0.111111 0.157895 0.394737 0.368421 0.0789474 
191_O	1 0.315789 0.684211 0.0641026 0.474359 0.461538 0.0555556 0.5 0.444444 0.0897436 0.448718 0.461538 0.00724638 0.15942 0.550725 0.282609 0.0185185 0.175926 0.509259 0.296296 0.0222222 0.122222 0.611111 0.244444 0 0.210526 0.421053 0.368421 
192	1 0.578947 0.421053 0.358974 0.448718 0.192308 0.296296 0.537037 0.166667 0.269231 0.576923 0.153846 0.173913 0.449275 0.282609 0.0942029 0.175926 0.453704 0.277778 0.0925926 0.122222 0.533333 0.288889 0.0555556 0.0789474 0.421053 0.447368 0.0526316 
192_O	1 0.473684 0.526316 0.153846 0.705128 0.141026 0.296296 0.351852 0.351852 0.24359 0.448718 0.307692 0.0652174 0.427536 0.449275 0.057971 0.0277778 0.453704 0.481481 0.037037 0.188889 0.3 0.288889 0.222222 0.184211 0.236842 0.394737 0.184211 
193	1 0.473684 0.526316 0.205128 0.487179 0.307692 0.222222 0.5 0.277778 0.179487 0.576923 0.24359 0.108696 0.304348 0.413043 0.173913 0.101852 0.296296 0.462963 0.138889 0.0666667 0.4 0.377778 0.155556 0.0263158 0.421053 0.473684 0.0789474 
193_O	1 0.526316 0.473684 0.294872 0.576923 0.128205 0.333333 0.462963 0.203704 0.307692 0.461538 0.230769 0.173913 0.463768 0.333333 0.0289855 0.157407 0.490741 0.305556 0.0462963 0.244444 0.311111 0.355556 0.0888889 0.263158 0.315789 0.342105 0.0789474 
194	1 0.447368 0.552632 0.192308 0.525641 0.282051 0.203704 0.537037 0.259259 0.192308 0.525641 0.282051 0.0942029 0.311594 0.485507 0.108696 0.0833333 0.37037 0.425926 0.12037 0.0666667 0.377778 0.422222 0.133333 0.0789474 0.368421 0.447368 0.105263 
194_O	1 0.552632 0.447368 0.397436 0.410256 0.192308 0.333333 0.518519 0.148148 0.307692 0.525641 0.166667 0.26087 0.398551 0.275362 0.0652174 0.268519 0.361111 0.296296 0.0740741 0.166667 0.488889 0.3 0.0444444 0.263158 0.421053 0.289474 0.0263158 
195	1 0.447368 0.552632 0.141026 0.538462 0.320513 0.185185 0.481481 0.333333 0.166667 0.576923 0.25641 0.057971 0.268116 0.521739 0.152174 0.0185185 0.361111 0.472222 0.148148 0.0666667 0.311111 0.444444 0.177778 0.0263158 0.368421 0.5 0.105263 
195_O	1 0.447368 0.552632 0.205128 0.551282 0.24359 0.203704 0.518519 0.277778 0.166667 0.538462 0.294872 0.0869565 0.369565 0.434783 0.108696 0.0648148 0.37963 0.453704 0.101852 0.1 0.322222 0.477778 0.1 0.0263158 0.447368 0.342105 0.184211 
196	1 0.421053 0.578947 0.179487 0.5 0.320513 0.203704 0.444444 0.351852 0.128205 0.576923 0.294872 0.0869565 0.311594 0.398551 0.202899 0.0555556 0.324074 0.472222 0.148148 0.0666667 0.344444 0.388889 0.2 0 0.368421 0.5 0.131579 
196_O	1 0.421053 0.578947 0.217949 0.5 0.282051 0.185185 0.5 0.314815 0.141026 0.564103 0.294872 0.0869565 0.384058 0.384058 0.144928 0.0462963 0.398148 0.416667 0.138889 0.1 0.3 0.466667 0.133333 0.0526316 0.368421 0.473684 0.105263 
197	1 0.473684 0.526316 0.217949 0.487179 0.294872 0.185185 0.537037 0.277778 0.192308 0.538462 0.269231 0.0869565 0.347826 0.405797 0.15942 0.0740741 0.333333 0.444444 0.148148 0.0555556 0.422222 0.388889 0.133333 0.0526316 0.315789 0.526316 0.105263 
197_O	1 0.473684 0.526316 0.25641 0.564103 0.179487 0.314815 0.314815 0.37037 0.24359 0.448718 0.307692 0.166667 0.355072 0.369565 0.108696 0.138889 0.342593 0.444444 0.0740741 0.222222 0.3 0.244444 0.233333 0.105263 0.342105 0.368421 0.184211 
198	1 0.421053 0.578947 0.230769 0.474359 0.294872 0.185185 0.537037 0.277778 0.179487 0.487179 0.333333 0.0869565 0.398551 0.376812 0.137681 0.111111 0.314815 0.407407 0.166667 0.1 0.322222 0.455556 0.122222 0.105263 0.368421 0.368421 0.157895 
198_O	1 0.421053 0.578947 0.153846 0.525641 0.320513 0.185185 0.5 0.314815 0.192308 0.461538 0.346154 0.0507246 0.347826 0.427536 0.173913 0.0740741 0.287037 0.462963 0.175926 0.0777778 0.322222 0.411111 0.188889 0.0526316 0.421053 0.342105 0.184211 
199	1 0.578947 0.421053 0.25641 0.551282 0.192308 0.333333 0.462963 0.203704 0.333333 0.487179 0.179487 0.115942 0.449275 0.34058 0.0942029 0.12037 0.481481 0.324074 0.0740741 0.177778 0.388889 0.322222 0.111111 0.157895 0.394737 0.368421 0.0789474 
199_O	1 0.526316 0.473684 0.230769 0.602564 0.166667 0.296296 0.462963 0.240741 0.320513 0.397436 0.282051 0.0942029 0.456522 0.384058 0.0652174 0.138889 0.398148 0.388889 0.0740741 0.177778 0.366667 0.311111 0.144444 0.184211 0.394737 0.157895 0.263158 
19_O	1 0.5 0.5 0.24359 0.589744 0.166667 0.314815 0.407407 0.277778 0.269231 0.461538 0.269231 0.137681 0.405797 0.391304 0.0652174 0.12037 0.407407 0.435185 0.037037 0.188889 0.366667 0.288889 0.155556 0.157895 0.368421 0.289474 0.184211 
20	1 0.421053 0.578947 0.217949 0.525641 0.25641 0.259259 0.444444 0.296296 0.24359 0.384615 0.371795 0.123188 0.384058 0.355072 0.137681 0.138889 0.333333 0.416667 0.111111 0.166667 0.288889 0.344444 0.2 0.157895 0.368421 0.263158 0.210526 
200	1 0.421053 0.578947 0.153846 0.564103 0.282051 0.222222 0.37037 0.407407 0.205128 0.435897 0.358974 0.0507246 0.391304 0.355072 0.202899 0.0462963 0.351852 0.435185 0.166667 0.144444 0.233333 0.366667 0.255556 0.105263 0.236842 0.447368 0.210526 
200_O	1 0.5 0.5 0.179487 0.576923 0.24359 0.203704 0.518519 0.277778 0.24359 0.487179 0.269231 0.0652174 0.34058 0.492754 0.101449 0.037037 0.416667 0.407407 0.138889 0.1 0.344444 0.422222 0.133333 0.0789474 0.342105 0.447368 0.131579 
20_O	1 0.578947 0.421053 0.307692 0.525641 0.166667 0.296296 0.574074 0.12963 0.358974 0.474359 0.166667 0.173913 0.434783 0.347826 0.0434783 0.185185 0.453704 0.287037 0.0740741 0.144444 0.477778 0.344444 0.0333333 0.210526 0.473684 0.263158 0.0526316 
21	1 0.631579 0.368421 0.384615 0.487179 0.128205 0.407407 0.444444 0.148148 0.371795 0.538462 0.0897436 0.23913 0.463768 0.253623 0.0434783 0.203704 0.490741 0.296296 0.00925926 0.222222 0.488889 0.244444 0.0444444 0.210526 0.578947 0.184211 0.0263158 
21_O	1 0.578947 0.421053 0.230769 0.589744 0.179487 0.407407 0.333333 0.259259 0.358974 0.448718 0.192308 0.137681 0.42029 0.34058 0.101449 0.12037 0.462963 0.351852 0.0648148 0.266667 0.288889 0.266667 0.177778 0.210526 0.394737 0.315789 0.0789474 
22	1 0.5 0.5 0.282051 0.538462 0.179487 0.259259 0.537037 0.203704 0.269231 0.474359 0.25641 0.130435 0.5 0.289855 0.0797101 0.148148 0.37963 0.416667 0.0555556 0.166667 0.366667 0.388889 0.0777778 0.157895 0.5 0.210526 0.131579 
22_O	1 0.421053 0.578947 0.166667 0.5 0.333333 0.203704 0.425926 0.37037 0.166667 0.512821 0.320513 0.0797101 0.297101 0.42029 0.202899 0.0648148 0.296296 0.453704 0.185185 0.0888889 0.3 0.388889 0.222222 0.0263158 0.368421 0.473684 0.131579 
23	1 0.421053 0.578947 0.128205 0.512821 0.358974 0.166667 0.5 0.333333 0.153846 0.551282 0.294872 0.0362319 0.282609 0.5 0.181159 0.0462963 0.268519 0.518519 0.166667 0.0555556 0.266667 0.5 0.177778 0.0526316 0.289474 0.578947 0.0789474 
23_O	1 0.552632 0.447368 0.333333 0.423077 0.24359 0.296296 0.5 0.203704 0.269231 0.589744 0.141026 0.202899 0.369565 0.304348 0.123188 0.185185 0.361111 0.351852 0.101852 0.122222 0.466667 0.344444 0.0666667 0.131579 0.5 0.368421 0 
24	1 0.5 0.5 0.307692 0.474359 0.217949 0.259259 0.574074 0.166667 0.230769 0.538462 0.230769 0.15942 0.42029 0.34058 0.0797101 0.12963 0.509259 0.259259 0.101852 0.1 0.455556 0.4 0.0444444 0.157895 0.368421 0.394737 0.0789474 
24_O	1 0.5 0.5 0.230769 0.487179 0.282051 0.166667 0.555556 0.277778 0.24359 0.5 0.25641 0.101449 0.318841 0.434783 0.144928 0.0925926 0.351852 0.361111 0.194444 0.0888889 0.333333 0.466667 0.111111 0.0789474 0.394737 0.342105 0.184211 
25	1 0.605263 0.394737 0.397436 0.474359 0.128205 0.407407 0.462963 0.12963 0.397436 0.423077 0.179487 0.246377 0.485507 0.217391 0.0507246 0.268519 0.435185 0.259259 0.037037 0.311111 0.311111 0.333333 0.0444444 0.342105 0.289474 0.315789 0.0526316 
25_O	1 0.5 0.5 0.25641 0.487179 0.25641 0.259259 0.5 0.240741 0.24359 0.512821 0.24359 0.123188 0.398551 0.333333 0.144928 0.138889 0.37963 0.361111 0.12037 0.122222 0.4 0.355556 0.122222 0.105263 0.342105 0.421053 0.131579 
26	1 0.473684 0.526316 0.179487 0.538462 0.282051 0.203704 0.537037 0.259259 0.217949 0.487179 0.294872 0.0724638 0.333333 0.463768 0.130435 0.0648148 0.37963 0.37963 0.175926 0.0888889 0.322222 0.466667 0.122222 0.105263 0.342105 0.421053 0.131579 
26_O	1 0.526316 0.473684 0.282051 0.461538 0.25641 0.222222 0.555556 0.222222 0.294872 0.474359 0.230769 0.130435 0.413043 0.311594 0.144928 0.157407 0.342593 0.351852 0.148148 0.133333 0.355556 0.433333 0.0777778 0.131579 0.394737 0.368421 0.105263 
27	1 0.526316 0.473684 0.24359 0.538462 0.217949 0.240741 0.537037 0.222222 0.269231 0.538462 0.192308 0.101449 0.427536 0.376812 0.0942029 0.0925926 0.453704 0.37037 0.0833333 0.122222 0.344444 0.477778 0.0555556 0.131579 0.394737 0.394737 0.0789474 
27_O	1 0.552632 0.447368 0.179487 0.692308 0.128205 0.388889 0.37037 0.240741 0.358974 0.410256 0.230769 0.0942029 0.471014 0.398551 0.0362319 0.0648148 0.546296 0.361111 0.0277778 0.244444 0.333333 0.244444 0.177778 0.289474 0.315789 0.289474 0.105263 
28	1 0.473684 0.526316 0.192308 0.461538 0.346154 0.166667 0.555556 0.277778 0.24359 0.461538 0.294872 0.0724638 0.311594 0.413043 0.202899 0.111111 0.287037 0.388889 0.212963 0.0666667 0.344444 0.411111 0.177778 0.105263 0.289474 0.421053 0.184211 
28_O	1 0.526316 0.473684 0.25641 0.538462 0.205128 0.277778 0.462963 0.259259 0.230769 0.589744 0.179487 0.130435 0.398551 0.369565 0.101449 0.101852 0.416667 0.416667 0.0648148 0.122222 0.433333 0.333333 0.111111 0.0526316 0.421053 0.5 0.0263158 
29	1 0.526316 0.473684 0.25641 0.487179 0.25641 0.203704 0.555556 0.240741 0.217949 0.576923 0.205128 0.101449 0.362319 0.413043 0.123188 0.0925926 0.37963 0.398148 0.12963 0.0777778 0.411111 0.444444 0.0666667 0.0526316 0.315789 0.526316 0.105263 
29_O	1 0.447368 0.552632 0.153846 0.576923 0.269231 0.240741 0.37037 0.388889 0.24359 0.423077 0.333333 0.0797101 0.311594 0.449275 0.15942 0.0740741 0.296296 0.509259 0.12037 0.144444 0.288889 0.311111 0.255556 0.105263 0.289474 0.368421 0.236842 
30	1 0.368421 0.631579 0.102564 0.448718 0.448718 0.111111 0.481481 0.407407 0.102564 0.512821 0.384615 0.0289855 0.224638 0.434783 0.311594 0.0185185 0.222222 0.481481 0.277778 0.0111111 0.288889 0.411111 0.288889 0 0.289474 0.447368 0.263158 
30_O	1 0.526316 0.473684 0.371795 0.461538 0.166667 0.314815 0.537037 0.148148 0.307692 0.487179 0.205128 0.231884 0.434783 0.297101 0.0362319 0.240741 0.444444 0.240741 0.0740741 0.177778 0.455556 0.322222 0.0444444 0.210526 0.5 0.210526 0.0789474 
31	1 0.473684 0.526316 0.294872 0.448718 0.25641 0.277778 0.444444 0.277778 0.192308 0.589744 0.217949 0.181159 0.369565 0.304348 0.144928 0.12037 0.425926 0.342593 0.111111 0.133333 0.388889 0.344444 0.133333 0.131579 0.368421 0.473684 0.0263158 
31_O	1 0.526316 0.473684 0.269231 0.474359 0.25641 0.314815 0.407407 0.277778 0.307692 0.474359 0.217949 0.181159 0.326087 0.347826 0.144928 0.175926 0.314815 0.388889 0.12037 0.177778 0.344444 0.322222 0.155556 0.184211 0.394737 0.342105 0.0789474 
32	1 0.5 0.5 0.205128 0.576923 0.217949 0.222222 0.555556 0.222222 0.24359 0.5 0.25641 0.0652174 0.434783 0.42029 0.0797101 0.0925926 0.361111 0.453704 0.0925926 0.0888889 0.422222 0.388889 0.1 0.0789474 0.5 0.289474 0.131579 
32_O	1 0.368421 0.631579 0.0897436 0.5 0.410256 0.148148 0.388889 0.462963 0.141026 0.448718 0.410256 0.0289855 0.217391 0.471014 0.282609 0.0185185 0.240741 0.490741 0.25 0.0555556 0.244444 0.377778 0.322222 0.0263158 0.236842 0.394737 0.342105 
33	1 0.631579 0.368421 0.410256 0.5 0.0897436 0.388889 0.518519 0.0925926 0.397436 0.487179 0.115385 0.253623 0.507246 0.224638 0.0144928 0.240741 0.518519 0.222222 0.0185185 0.244444 0.5 0.244444 0.0111111 0.263158 0.447368 0.289474 0 
33_O	1 0.578947 0.421053 0.320513 0.538462 0.141026 0.333333 0.5 0.166667 0.333333 0.5 0.166667 0.188406 0.449275 0.311594 0.0507246 0.166667 0.490741 0.287037 0.0555556 0.2 0.422222 0.322222 0.0555556 0.210526 0.394737 0.342105 0.0526316 
34	1 0.473684 0.526316 0.217949 0.538462 0.24359 0.222222 0.518519 0.259259 0.205128 0.564103 0.230769 0.0942029 0.405797 0.384058 0.115942 0.0833333 0.398148 0.435185 0.0833333 0.0777778 0.422222 0.388889 0.111111 0.0526316 0.421053 0.473684 0.0526316 
34_O	1 0.578947 0.421053 0.25641 0.641026 0.102564 0.407407 0.333333 0.259259 0.410256 0.320513 0.269231 0.144928 0.463768 0.347826 0.0434783 0.157407 0.444444 0.37037 0.0277778 0.333333 0.233333 0.266667 0.166667 0.263158 0.342105 0.131579 0.263158 
35	1 0.421053 0.578947 0.217949 0.423077 0.358974 0.148148 0.555556 0.296296 0.179487 0.512821 0.307692 0.0942029 0.318841 0.384058 0.202899 0.0833333 0.37037 0.324074 0.222222 0.0333333 0.344444 0.477778 0.144444 0.0789474 0.342105 0.447368 0.131579 
35_O	1 0.5 0.5 0.25641 0.551282 0.192308 0.240741 0.518519 0.240741 0.217949 0.551282 0.230769 0.108696 0.434783 0.384058 0.0724638 0.0833333 0.453704 0.388889 0.0740741 0.0888889 0.5 0.288889 0.122222 0.0789474 0.394737 0.447368 0.0789474 
36	1 0.421053 0.578947 0.217949 0.435897 0.346154 0.185185 0.5 0.314815 0.179487 0.512821 0.307692 0.101449 0.333333 0.362319 0.202899 0.12037 0.277778 0.416667 0.185185 0.0555556 0.366667 0.411111 0.166667 0.0789474 0.342105 0.447368 0.131579 
36_O	1 0.473684 0.526316 0.230769 0.435897 0.333333 0.203704 0.5 0.296296 0.192308 0.576923 0.230769 0.130435 0.268116 0.413043 0.188406 0.12037 0.296296 0.407407 0.175926 0.0777778 0.344444 0.444444 0.133333 0.0526316 0.342105 0.526316 0.0789474 
37	1 0.605263 0.394737 0.333333 0.525641 0.141026 0.314815 0.555556 0.12963 0.371795 0.474359 0.153846 0.173913 0.471014 0.318841 0.0362319 0.175926 0.481481 0.296296 0.0462963 0.166667 0.488889 0.3 0.0444444 0.210526 0.421053 0.342105 0.0263158 
37_O	1 0.526316 0.473684 0.230769 0.576923 0.192308 0.203704 0.574074 0.222222 0.333333 0.384615 0.282051 0.0652174 0.449275 0.427536 0.057971 0.12037 0.351852 0.453704 0.0740741 0.111111 0.444444 0.311111 0.133333 0.210526 0.342105 0.131579 0.315789 
38	1 0.473684 0.526316 0.25641 0.461538 0.282051 0.166667 0.648148 0.185185 0.205128 0.551282 0.24359 0.101449 0.405797 0.369565 0.123188 0.101852 0.398148 0.37037 0.12963 0.0333333 0.433333 0.488889 0.0444444 0.0789474 0.473684 0.368421 0.0789474 
38_O	1 0.526316 0.473684 0.205128 0.564103 0.230769 0.222222 0.518519 0.259259 0.25641 0.525641 0.217949 0.0507246 0.442029 0.384058 0.123188 0.0833333 0.361111 0.462963 0.0925926 0.111111 0.366667 0.4 0.122222 0.0789474 0.368421 0.421053 0.131579 
39	1 0.5 0.5 0.205128 0.576923 0.217949 0.222222 0.574074 0.203704 0.269231 0.461538 0.269231 0.0724638 0.427536 0.434783 0.0652174 0.0925926 0.37037 0.444444 0.0925926 0.111111 0.377778 0.422222 0.0888889 0.236842 0.236842 0.447368 0.0789474 
39_O	1 0.368421 0.631579 0.128205 0.576923 0.294872 0.166667 0.388889 0.444444 0.128205 0.487179 0.384615 0.0434783 0.311594 0.471014 0.173913 0.037037 0.287037 0.518519 0.157407 0.0666667 0.311111 0.344444 0.277778 0 0.342105 0.394737 0.263158 
40	1 0.5 0.5 0.217949 0.512821 0.269231 0.259259 0.5 0.240741 0.230769 0.525641 0.24359 0.101449 0.362319 0.405797 0.130435 0.0833333 0.435185 0.333333 0.148148 0.111111 0.366667 0.4 0.122222 0.105263 0.394737 0.394737 0.105263 
40_O	1 0.605263 0.394737 0.282051 0.512821 0.205128 0.333333 0.462963 0.203704 0.371795 0.461538 0.166667 0.130435 0.434783 0.326087 0.108696 0.194444 0.324074 0.416667 0.0648148 0.188889 0.388889 0.311111 0.111111 0.184211 0.394737 0.289474 0.131579 
41	1 0.473684 0.526316 0.141026 0.564103 0.294872 0.166667 0.574074 0.259259 0.230769 0.474359 0.294872 0.0362319 0.311594 0.521739 0.130435 0.0648148 0.296296 0.518519 0.12037 0.0444444 0.388889 0.411111 0.155556 0.0789474 0.315789 0.394737 0.210526 
41_O	1 0.5 0.5 0.179487 0.576923 0.24359 0.240741 0.462963 0.296296 0.205128 0.589744 0.205128 0.0652174 0.384058 0.427536 0.123188 0.0277778 0.407407 0.490741 0.0740741 0.1 0.344444 0.433333 0.122222 0.0789474 0.368421 0.473684 0.0789474 
42	1 0.5 0.5 0.269231 0.487179 0.24359 0.277778 0.425926 0.296296 0.217949 0.564103 0.217949 0.152174 0.369565 0.326087 0.152174 0.101852 0.444444 0.324074 0.12963 0.133333 0.388889 0.333333 0.144444 0.0526316 0.421053 0.447368 0.0789474 
42_O	1 0.552632 0.447368 0.269231 0.589744 0.141026 0.277778 0.481481 0.240741 0.333333 0.435897 0.230769 0.101449 0.521739 0.311594 0.0652174 0.138889 0.37037 0.453704 0.037037 0.188889 0.4 0.288889 0.122222 0.210526 0.315789 0.315789 0.157895 
43	1 0.631579 0.368421 0.346154 0.512821 0.141026 0.407407 0.407407 0.185185 0.371795 0.512821 0.115385 0.210145 0.427536 0.304348 0.057971 0.166667 0.518519 0.277778 0.037037 0.244444 0.4 0.277778 0.0777778 0.184211 0.473684 0.315789 0.0263158 
43_O	1 0.447368 0.552632 0.217949 0.538462 0.24359 0.185185 0.611111 0.203704 0.230769 0.423077 0.346154 0.0724638 0.456522 0.347826 0.123188 0.138889 0.324074 0.425926 0.111111 0.1 0.322222 0.5 0.0777778 0.105263 0.368421 0.342105 0.184211 
44	1 0.552632 0.447368 0.24359 0.551282 0.205128 0.259259 0.518519 0.222222 0.282051 0.551282 0.166667 0.108696 0.405797 0.398551 0.0869565 0.0740741 0.5 0.342593 0.0833333 0.122222 0.411111 0.388889 0.0777778 0.105263 0.368421 0.473684 0.0526316 
44_O	1 0.526316 0.473684 0.294872 0.564103 0.141026 0.333333 0.444444 0.222222 0.294872 0.461538 0.24359 0.152174 0.485507 0.318841 0.0434783 0.157407 0.444444 0.342593 0.0555556 0.222222 0.366667 0.3 0.111111 0.184211 0.447368 0.236842 0.131579 
45	1 0.473684 0.526316 0.179487 0.487179 0.333333 0.296296 0.351852 0.351852 0.25641 0.435897 0.307692 0.0869565 0.369565 0.297101 0.246377 0.0740741 0.361111 0.351852 0.212963 0.188889 0.2 0.377778 0.233333 0.131579 0.394737 0.315789 0.157895 
45_O	1 0.473684 0.526316 0.230769 0.576923 0.192308 0.222222 0.5 0.277778 0.24359 0.474359 0.282051 0.0869565 0.449275 0.384058 0.0797101 0.0925926 0.425926 0.398148 0.0833333 0.144444 0.311111 0.422222 0.122222 0.157895 0.315789 0.342105 0.184211 
46	1 0.578947 0.421053 0.384615 0.487179 0.128205 0.388889 0.444444 0.166667 0.358974 0.435897 0.205128 0.23913 0.478261 0.224638 0.057971 0.240741 0.425926 0.296296 0.037037 0.255556 0.411111 0.255556 0.0777778 0.236842 0.473684 0.184211 0.105263 
46_O	1 0.657895 0.342105 0.474359 0.461538 0.0641026 0.518519 0.333333 0.148148 0.423077 0.474359 0.102564 0.362319 0.42029 0.202899 0.0144928 0.324074 0.453704 0.222222 0 0.366667 0.4 0.166667 0.0666667 0.315789 0.5 0.157895 0.0263158 
47	1 0.578947 0.421053 0.346154 0.461538 0.192308 0.277778 0.555556 0.166667 0.333333 0.512821 0.153846 0.195652 0.413043 0.311594 0.0797101 0.203704 0.361111 0.37037 0.0648148 0.144444 0.455556 0.366667 0.0333333 0.157895 0.5 0.289474 0.0526316 
47_O	1 0.5 0.5 0.269231 0.5 0.230769 0.259259 0.5 0.240741 0.192308 0.602564 0.205128 0.115942 0.463768 0.282609 0.137681 0.12963 0.37037 0.398148 0.101852 0.0888889 0.466667 0.344444 0.1 0.105263 0.315789 0.578947 0 
48	1 0.578947 0.421053 0.410256 0.423077 0.166667 0.314815 0.611111 0.0740741 0.397436 0.384615 0.217949 0.246377 0.449275 0.268116 0.0362319 0.314815 0.351852 0.240741 0.0925926 0.177778 0.522222 0.277778 0.0222222 0.368421 0.263158 0.289474 0.0789474 
48_O	1 0.5 0.5 0.0641026 0.897436 0.0384615 0.425926 0.12963 0.444444 0.448718 0.102564 0.448718 0.0289855 0.478261 0.478261 0.0144928 0.037037 0.453704 0.5 0.00925926 0.411111 0.0888889 0.1 0.4 0.394737 0.105263 0.0526316 0.447368 
49	1 0.710526 0.289474 0.576923 0.320513 0.102564 0.537037 0.388889 0.0740741 0.5 0.448718 0.0512821 0.456522 0.376812 0.115942 0.0507246 0.444444 0.37037 0.157407 0.0277778 0.366667 0.466667 0.155556 0.0111111 0.421053 0.447368 0.131579 0 
49_O	1 0.473684 0.526316 0.205128 0.5 0.294872 0.203704 0.592593 0.203704 0.269231 0.448718 0.282051 0.0869565 0.369565 0.427536 0.115942 0.101852 0.37963 0.37037 0.148148 0.0777778 0.366667 0.444444 0.111111 0.184211 0.447368 0.236842 0.131579 
50	1 0.473684 0.526316 0.230769 0.461538 0.307692 0.166667 0.537037 0.296296 0.217949 0.5 0.282051 0.0797101 0.347826 0.405797 0.166667 0.111111 0.287037 0.435185 0.166667 0.0666667 0.366667 0.433333 0.133333 0.0789474 0.289474 0.421053 0.210526 
50_O	1 0.447368 0.552632 0.179487 0.564103 0.25641 0.148148 0.648148 0.203704 0.217949 0.448718 0.333333 0.0507246 0.384058 0.485507 0.0797101 0.0740741 0.361111 0.435185 0.12963 0.0333333 0.411111 0.455556 0.1 0.157895 0.289474 0.421053 0.131579 
51	1 0.526316 0.473684 0.217949 0.602564 0.179487 0.240741 0.555556 0.203704 0.24359 0.564103 0.192308 0.0797101 0.442029 0.427536 0.0507246 0.0462963 0.518519 0.37963 0.0555556 0.1 0.422222 0.411111 0.0666667 0.105263 0.368421 0.5 0.0263158 
51_O	1 0.552632 0.447368 0.294872 0.5 0.205128 0.296296 0.5 0.203704 0.230769 0.628205 0.141026 0.15942 0.376812 0.384058 0.0797101 0.12963 0.425926 0.398148 0.0462963 0.111111 0.477778 0.344444 0.0666667 0.0263158 0.526316 0.421053 0.0263158 
52	1 0.473684 0.526316 0.179487 0.551282 0.269231 0.222222 0.481481 0.296296 0.205128 0.512821 0.282051 0.057971 0.376812 0.413043 0.152174 0.0462963 0.425926 0.37963 0.148148 0.122222 0.277778 0.444444 0.155556 0.0789474 0.315789 0.421053 0.184211 
52_O	1 0.473684 0.526316 0.294872 0.435897 0.269231 0.277778 0.425926 0.296296 0.230769 0.487179 0.282051 0.202899 0.289855 0.362319 0.144928 0.138889 0.37963 0.324074 0.157407 0.177778 0.311111 0.355556 0.155556 0.105263 0.421053 0.368421 0.105263 
53	1 0.368421 0.631579 0.115385 0.525641 0.358974 0.166667 0.444444 0.388889 0.141026 0.474359 0.384615 0.0362319 0.304348 0.442029 0.217391 0.0185185 0.314815 0.490741 0.175926 0.0666667 0.277778 0.377778 0.277778 0.0526316 0.368421 0.315789 0.263158 
53_O	1 0.473684 0.526316 0.230769 0.5 0.269231 0.240741 0.462963 0.296296 0.192308 0.551282 0.25641 0.123188 0.34058 0.391304 0.144928 0.0740741 0.388889 0.398148 0.138889 0.111111 0.388889 0.344444 0.155556 0.0789474 0.342105 0.5 0.0789474 
54	1 0.447368 0.552632 0.205128 0.564103 0.230769 0.222222 0.5 0.277778 0.166667 0.551282 0.282051 0.0942029 0.362319 0.463768 0.0797101 0.0648148 0.416667 0.407407 0.111111 0.0777778 0.411111 0.377778 0.133333 0.0526316 0.394737 0.473684 0.0789474 
54_O	1 0.526316 0.473684 0.294872 0.564103 0.141026 0.333333 0.425926 0.240741 0.217949 0.602564 0.179487 0.166667 0.456522 0.311594 0.0652174 0.101852 0.509259 0.37037 0.0185185 0.211111 0.344444 0.366667 0.0777778 0.0526316 0.5 0.421053 0.0263158 
55	1 0.657895 0.342105 0.423077 0.435897 0.141026 0.481481 0.37037 0.148148 0.397436 0.538462 0.0641026 0.311594 0.398551 0.210145 0.0797101 0.314815 0.388889 0.259259 0.037037 0.3 0.4 0.255556 0.0444444 0.210526 0.578947 0.210526 0 
55_O	1 0.447368 0.552632 0.179487 0.641026 0.179487 0.240741 0.444444 0.314815 0.269231 0.358974 0.371795 0.0507246 0.463768 0.413043 0.0724638 0.101852 0.333333 0.509259 0.0555556 0.2 0.244444 0.355556 0.2 0.236842 0.210526 0.210526 0.342105 
56	1 0.552632 0.447368 0.294872 0.5 0.205128 0.222222 0.574074 0.203704 0.269231 0.538462 0.192308 0.108696 0.456522 0.34058 0.0942029 0.12037 0.407407 0.37963 0.0925926 0.122222 0.422222 0.411111 0.0444444 0.0789474 0.368421 0.447368 0.105263 
56_O	1 0.421053 0.578947 0.141026 0.512821 0.346154 0.0925926 0.611111 0.296296 0.153846 0.538462 0.307692 0.0217391 0.282609 0.543478 0.152174 0.037037 0.333333 0.425926 0.203704 0.0111111 0.288889 0.588889 0.111111 0.0526316 0.236842 0.526316 0.184211 
57	1 0.421053 0.578947 0.141026 0.576923 0.282051 0.148148 0.574074 0.277778 0.153846 0.551282 0.294872 0.0289855 0.355072 0.521739 0.0942029 0.0462963 0.314815 0.518519 0.12037 0.0222222 0.388889 0.466667 0.122222 0.0263158 0.473684 0.368421 0.131579 
57_O	1 0.473684 0.526316 0.269231 0.461538 0.269231 0.185185 0.574074 0.240741 0.205128 0.538462 0.25641 0.108696 0.42029 0.318841 0.152174 0.12037 0.388889 0.342593 0.148148 0.0777778 0.377778 0.466667 0.0777778 0.0526316 0.368421 0.5 0.0789474 
58	1 0.447368 0.552632 0.24359 0.512821 0.24359 0.240741 0.462963 0.296296 0.166667 0.576923 0.25641 0.137681 0.355072 0.391304 0.115942 0.101852 0.388889 0.407407 0.101852 0.1 0.388889 0.377778 0.133333 0.0526316 0.447368 0.394737 0.105263 
58_O	1 0.526316 0.473684 0.25641 0.551282 0.192308 0.259259 0.518519 0.222222 0.282051 0.5 0.217949 0.101449 0.478261 0.333333 0.0869565 0.12963 0.37963 0.435185 0.0555556 0.166667 0.322222 0.433333 0.0777778 0.131579 0.421053 0.368421 0.0789474 
59	1 0.421053 0.578947 0.179487 0.525641 0.294872 0.259259 0.37037 0.37037 0.179487 0.487179 0.333333 0.115942 0.282609 0.434783 0.166667 0.0648148 0.351852 0.435185 0.148148 0.144444 0.288889 0.322222 0.244444 0.0789474 0.368421 0.368421 0.184211 
59_O	1 0.473684 0.526316 0.24359 0.525641 0.230769 0.222222 0.537037 0.240741 0.24359 0.461538 0.294872 0.0942029 0.442029 0.355072 0.108696 0.12037 0.388889 0.37963 0.111111 0.1 0.4 0.388889 0.111111 0.131579 0.394737 0.263158 0.210526 
60	1 0.605263 0.394737 0.397436 0.397436 0.205128 0.351852 0.462963 0.185185 0.320513 0.551282 0.128205 0.282609 0.297101 0.318841 0.101449 0.231481 0.388889 0.277778 0.101852 0.2 0.433333 0.3 0.0666667 0.131579 0.5 0.342105 0.0263158 
60_O	1 0.526316 0.473684 0.346154 0.435897 0.217949 0.333333 0.444444 0.222222 0.24359 0.564103 0.192308 0.231884 0.355072 0.297101 0.115942 0.194444 0.407407 0.305556 0.0925926 0.2 0.366667 0.344444 0.0888889 0.105263 0.447368 0.394737 0.0526316 
61	1 0.447368 0.552632 0.217949 0.487179 0.294872 0.203704 0.518519 0.277778 0.153846 0.589744 0.25641 0.115942 0.297101 0.456522 0.130435 0.0740741 0.388889 0.388889 0.148148 0.0444444 0.422222 0.411111 0.122222 0.0526316 0.342105 0.552632 0.0526316 
61_O	1 0.552632 0.447368 0.269231 0.512821 0.217949 0.277778 0.555556 0.166667 0.282051 0.538462 0.179487 0.123188 0.427536 0.376812 0.0724638 0.12037 0.416667 0.37963 0.0833333 0.111111 0.455556 0.366667 0.0666667 0.157895 0.526316 0.263158 0.0526316 
62	1 0.552632 0.447368 0.333333 0.487179 0.179487 0.314815 0.5 0.185185 0.269231 0.576923 0.153846 0.188406 0.449275 0.275362 0.0869565 0.194444 0.407407 0.333333 0.0648148 0.177778 0.388889 0.4 0.0333333 0.105263 0.526316 0.342105 0.0263158 
62_O	1 0.5 0.5 0.166667 0.538462 0.294872 0.222222 0.481481 0.296296 0.24359 0.512821 0.24359 0.0724638 0.304348 0.463768 0.15942 0.037037 0.407407 0.407407 0.148148 0.111111 0.277778 0.466667 0.144444 0.0789474 0.368421 0.394737 0.157895 
63	1 0.552632 0.447368 0.269231 0.602564 0.128205 0.333333 0.481481 0.185185 0.282051 0.538462 0.179487 0.137681 0.485507 0.347826 0.0289855 0.111111 0.5 0.37037 0.0185185 0.166667 0.444444 0.311111 0.0777778 0.157895 0.526316 0.263158 0.0526316 
63_O	1 0.5 0.5 0.269231 0.5 0.230769 0.296296 0.444444 0.259259 0.230769 0.551282 0.217949 0.181159 0.311594 0.413043 0.0942029 0.138889 0.388889 0.37037 0.101852 0.177778 0.3 0.422222 0.1 0.131579 0.394737 0.421053 0.0526316 
64	1 0.552632 0.447368 0.333333 0.5 0.166667 0.296296 0.518519 0.185185 0.333333 0.461538 0.205128 0.181159 0.449275 0.311594 0.057971 0.175926 0.472222 0.268519 0.0833333 0.166667 0.433333 0.322222 0.0777778 0.236842 0.342105 0.368421 0.0526316 
64_O	1 0.447368 0.552632 0.192308 0.397436 0.410256 0.12963 0.574074 0.296296 0.179487 0.5 0.320513 0.0724638 0.268116 0.398551 0.26087 0.0925926 0.231481 0.398148 0.277778 0.0222222 0.344444 0.477778 0.155556 0.0263158 0.368421 0.394737 0.210526 
65	1 0.447368 0.552632 0.24359 0.487179 0.269231 0.203704 0.5 0.296296 0.179487 0.551282 0.269231 0.101449 0.398551 0.362319 0.137681 0.101852 0.37037 0.388889 0.138889 0.0888889 0.377778 0.4 0.133333 0.0263158 0.473684 0.368421 0.131579 
65_O	1 0.421053 0.578947 0.179487 0.538462 0.282051 0.148148 0.592593 0.259259 0.205128 0.435897 0.358974 0.0652174 0.326087 0.5 0.108696 0.0648148 0.425926 0.342593 0.166667 0.0666667 0.3 0.511111 0.122222 0.0789474 0.342105 0.342105 0.236842 
66	1 0.447368 0.552632 0.179487 0.525641 0.294872 0.148148 0.592593 0.259259 0.192308 0.512821 0.294872 0.0652174 0.304348 0.514493 0.115942 0.0462963 0.416667 0.37963 0.157407 0.0333333 0.377778 0.477778 0.111111 0.0526316 0.342105 0.421053 0.184211 
66_O	1 0.421053 0.578947 0.205128 0.525641 0.269231 0.203704 0.481481 0.314815 0.192308 0.487179 0.320513 0.108696 0.333333 0.427536 0.130435 0.111111 0.333333 0.425926 0.12963 0.0777778 0.377778 0.366667 0.177778 0.0789474 0.342105 0.447368 0.131579 
67	1 0.421053 0.578947 0.179487 0.487179 0.333333 0.0740741 0.666667 0.259259 0.205128 0.435897 0.358974 0.0362319 0.326087 0.485507 0.152174 0.0833333 0.314815 0.398148 0.203704 0.0111111 0.322222 0.566667 0.1 0.0789474 0.236842 0.447368 0.236842 
67_O	1 0.657895 0.342105 0.474359 0.435897 0.0897436 0.425926 0.481481 0.0925926 0.448718 0.423077 0.128205 0.318841 0.449275 0.224638 0.00724638 0.305556 0.481481 0.166667 0.0462963 0.288889 0.488889 0.188889 0.0333333 0.342105 0.394737 0.236842 0.0263158 
68	1 0.473684 0.526316 0.230769 0.487179 0.282051 0.203704 0.537037 0.259259 0.205128 0.525641 0.269231 0.101449 0.362319 0.384058 0.152174 0.101852 0.351852 0.407407 0.138889 0.0888889 0.388889 0.388889 0.133333 0.0526316 0.394737 0.394737 0.157895 
68_O	1 0.394737 0.605263 0.141026 0.525641 0.333333 0.185185 0.407407 0.407407 0.205128 0.410256 0.384615 0.057971 0.318841 0.405797 0.217391 0.0925926 0.222222 0.5 0.185185 0.1 0.233333 0.411111 0.255556 0.131579 0.236842 0.394737 0.236842 
69	1 0.473684 0.526316 0.25641 0.474359 0.269231 0.240741 0.518519 0.240741 0.269231 0.435897 0.294872 0.123188 0.42029 0.311594 0.144928 0.148148 0.37037 0.314815 0.166667 0.111111 0.377778 0.377778 0.133333 0.263158 0.263158 0.342105 0.131579 
69_O	1 0.394737 0.605263 0.153846 0.487179 0.358974 0.111111 0.592593 0.296296 0.141026 0.512821 0.346154 0.0507246 0.275362 0.507246 0.166667 0.0462963 0.324074 0.416667 0.212963 0.0222222 0.277778 0.566667 0.133333 0.0789474 0.263158 0.526316 0.131579 
70	1 0.394737 0.605263 0.141026 0.525641 0.333333 0.12963 0.518519 0.351852 0.166667 0.448718 0.384615 0.0362319 0.304348 0.492754 0.166667 0.0462963 0.259259 0.5 0.194444 0.0444444 0.322222 0.433333 0.2 0.0789474 0.236842 0.5 0.184211 
70_O	1 0.5 0.5 0.192308 0.564103 0.24359 0.259259 0.5 0.240741 0.24359 0.5 0.25641 0.0507246 0.456522 0.369565 0.123188 0.0833333 0.416667 0.37037 0.12963 0.111111 0.377778 0.377778 0.133333 0.131579 0.342105 0.421053 0.105263 
71	1 0.526316 0.473684 0.141026 0.679487 0.179487 0.333333 0.333333 0.333333 0.282051 0.461538 0.25641 0.0507246 0.405797 0.449275 0.0942029 0.037037 0.435185 0.462963 0.0648148 0.222222 0.244444 0.322222 0.211111 0.131579 0.342105 0.315789 0.210526 
71_O	1 0.421053 0.578947 0.192308 0.512821 0.294872 0.111111 0.592593 0.296296 0.205128 0.423077 0.371795 0.0434783 0.326087 0.514493 0.115942 0.0833333 0.361111 0.37037 0.185185 0.0444444 0.333333 0.477778 0.144444 0.0789474 0.210526 0.394737 0.315789 
72	1 0.5 0.5 0.205128 0.538462 0.25641 0.148148 0.62963 0.222222 0.230769 0.512821 0.25641 0.0507246 0.398551 0.434783 0.115942 0.0740741 0.361111 0.425926 0.138889 0.0555556 0.366667 0.511111 0.0666667 0.0789474 0.342105 0.447368 0.131579 
72_O	1 0.578947 0.421053 0.333333 0.474359 0.192308 0.277778 0.574074 0.148148 0.358974 0.448718 0.192308 0.173913 0.413043 0.347826 0.0652174 0.240741 0.305556 0.398148 0.0555556 0.155556 0.444444 0.355556 0.0444444 0.184211 0.368421 0.342105 0.105263 
73	1 0.342105 0.657895 0.153846 0.410256 0.435897 0.148148 0.462963 0.388889 0.128205 0.461538 0.410256 0.0869565 0.210145 0.449275 0.253623 0.0833333 0.231481 0.416667 0.268519 0.0444444 0.255556 0.444444 0.255556 0.105263 0.236842 0.473684 0.184211 
73_O	1 0.447368 0.552632 0.179487 0.474359 0.346154 0.203704 0.462963 0.333333 0.153846 0.576923 0.269231 0.0724638 0.333333 0.362319 0.231884 0.0555556 0.324074 0.435185 0.185185 0.1 0.222222 0.544444 0.133333 0.0263158 0.342105 0.526316 0.105263 
74	1 0.5 0.5 0.269231 0.474359 0.25641 0.222222 0.592593 0.185185 0.269231 0.461538 0.269231 0.144928 0.34058 0.42029 0.0942029 0.157407 0.37037 0.324074 0.148148 0.0888889 0.433333 0.4 0.0777778 0.131579 0.421053 0.315789 0.131579 
74_O	1 0.473684 0.526316 0.230769 0.551282 0.217949 0.296296 0.388889 0.314815 0.230769 0.5 0.269231 0.123188 0.413043 0.34058 0.123188 0.0925926 0.398148 0.435185 0.0740741 0.222222 0.233333 0.377778 0.166667 0.157895 0.315789 0.394737 0.131579 
75	1 0.394737 0.605263 0.0897436 0.474359 0.435897 0.185185 0.388889 0.425926 0.128205 0.525641 0.346154 0.0289855 0.23913 0.42029 0.311594 0.0462963 0.175926 0.537037 0.240741 0.0777778 0.211111 0.411111 0.3 0.0263158 0.289474 0.447368 0.236842 
75_O	1 0.526316 0.473684 0.333333 0.461538 0.205128 0.314815 0.407407 0.277778 0.269231 0.525641 0.205128 0.210145 0.384058 0.275362 0.130435 0.175926 0.425926 0.277778 0.12037 0.2 0.377778 0.277778 0.144444 0.105263 0.447368 0.342105 0.105263 
76	1 0.631579 0.368421 0.384615 0.461538 0.153846 0.314815 0.574074 0.111111 0.371795 0.512821 0.115385 0.210145 0.427536 0.326087 0.0362319 0.231481 0.407407 0.324074 0.037037 0.144444 0.566667 0.255556 0.0333333 0.157895 0.447368 0.394737 0 
76_O	1 0.447368 0.552632 0.230769 0.474359 0.294872 0.166667 0.592593 0.240741 0.192308 0.525641 0.282051 0.0869565 0.369565 0.413043 0.130435 0.12037 0.333333 0.407407 0.138889 0.0444444 0.388889 0.477778 0.0888889 0.0263158 0.473684 0.342105 0.157895 
77	1 0.473684 0.526316 0.205128 0.487179 0.307692 0.12963 0.592593 0.277778 0.205128 0.525641 0.269231 0.0797101 0.297101 0.463768 0.15942 0.0740741 0.351852 0.37963 0.194444 0.0333333 0.377778 0.466667 0.122222 0.0526316 0.289474 0.5 0.157895 
77_O	1 0.631579 0.368421 0.320513 0.487179 0.192308 0.314815 0.518519 0.166667 0.410256 0.423077 0.166667 0.166667 0.398551 0.347826 0.0869565 0.175926 0.462963 0.222222 0.138889 0.188889 0.422222 0.311111 0.0777778 0.210526 0.342105 0.342105 0.105263 
78	1 0.526316 0.473684 0.217949 0.5 0.282051 0.277778 0.444444 0.277778 0.294872 0.474359 0.230769 0.101449 0.384058 0.333333 0.181159 0.111111 0.351852 0.398148 0.138889 0.155556 0.311111 0.377778 0.155556 0.131579 0.394737 0.342105 0.131579 
78_O	1 0.447368 0.552632 0.153846 0.602564 0.24359 0.259259 0.351852 0.388889 0.179487 0.512821 0.307692 0.057971 0.384058 0.398551 0.15942 0.0555556 0.314815 0.518519 0.111111 0.144444 0.277778 0.355556 0.222222 0.0526316 0.342105 0.421053 0.184211 
79	1 0.447368 0.552632 0.153846 0.551282 0.294872 0.166667 0.5 0.333333 0.230769 0.423077 0.346154 0.0434783 0.297101 0.521739 0.137681 0.0833333 0.268519 0.5 0.148148 0.0777778 0.322222 0.411111 0.188889 0.0789474 0.263158 0.342105 0.315789 
79_O	1 0.315789 0.684211 0.179487 0.384615 0.435897 0.185185 0.314815 0.5 0.115385 0.384615 0.5 0.123188 0.202899 0.34058 0.333333 0.0833333 0.240741 0.342593 0.333333 0.1 0.244444 0.277778 0.377778 0.0526316 0.210526 0.421053 0.315789 
80	1 0.5 0.5 0.192308 0.564103 0.24359 0.203704 0.574074 0.222222 0.192308 0.602564 0.205128 0.057971 0.384058 0.471014 0.0869565 0.0462963 0.425926 0.444444 0.0833333 0.0444444 0.433333 0.433333 0.0888889 0.0526316 0.421053 0.447368 0.0789474 
80_O	1 0.263158 0.736842 0.0512821 0.512821 0.435897 0.0925926 0.351852 0.555556 0.128205 0.282051 0.589744 0.00724638 0.195652 0.507246 0.289855 0.0277778 0.12963 0.546296 0.296296 0.0444444 0.211111 0.3 0.444444 0.131579 0.105263 0.263158 0.5 
81	1 0.473684 0.526316 0.217949 0.5 0.282051 0.148148 0.592593 0.259259 0.179487 0.551282 0.269231 0.0652174 0.369565 0.42029 0.144928 0.0833333 0.314815 0.462963 0.138889 0.0333333 0.411111 0.466667 0.0888889 0.0263158 0.342105 0.447368 0.184211 
81_O	1 0.421053 0.578947 0.153846 0.576923 0.269231 0.148148 0.5 0.351852 0.153846 0.512821 0.333333 0.0362319 0.333333 0.507246 0.123188 0.0462963 0.314815 0.490741 0.148148 0.0444444 0.355556 0.411111 0.188889 0.0263158 0.315789 0.447368 0.210526 
82	1 0.447368 0.552632 0.141026 0.589744 0.269231 0.203704 0.462963 0.333333 0.205128 0.487179 0.307692 0.0434783 0.362319 0.449275 0.144928 0.0462963 0.314815 0.527778 0.111111 0.0888889 0.322222 0.4 0.188889 0.0789474 0.342105 0.421053 0.157895 
82_O	1 0.473684 0.526316 0.179487 0.538462 0.282051 0.203704 0.518519 0.277778 0.24359 0.448718 0.307692 0.0652174 0.333333 0.478261 0.123188 0.0648148 0.37963 0.388889 0.166667 0.0888889 0.355556 0.411111 0.144444 0.131579 0.263158 0.421053 0.184211 
83	1 0.578947 0.421053 0.320513 0.512821 0.166667 0.296296 0.537037 0.166667 0.320513 0.5 0.179487 0.152174 0.485507 0.282609 0.0797101 0.148148 0.462963 0.324074 0.0648148 0.177778 0.4 0.377778 0.0444444 0.105263 0.578947 0.210526 0.105263 
83_O	1 0.342105 0.657895 0.166667 0.397436 0.435897 0.148148 0.518519 0.333333 0.153846 0.384615 0.461538 0.0942029 0.210145 0.463768 0.231884 0.111111 0.212963 0.388889 0.287037 0.0666667 0.255556 0.433333 0.244444 0.0789474 0.394737 0.263158 0.263158 
84	1 0.447368 0.552632 0.230769 0.512821 0.25641 0.222222 0.462963 0.314815 0.166667 0.576923 0.25641 0.130435 0.34058 0.391304 0.137681 0.0833333 0.416667 0.351852 0.148148 0.111111 0.344444 0.4 0.144444 0.0263158 0.447368 0.421053 0.105263 
84_O	1 0.447368 0.552632 0.230769 0.474359 0.294872 0.12963 0.703704 0.166667 0.217949 0.435897 0.346154 0.0724638 0.369565 0.463768 0.0942029 0.12037 0.351852 0.342593 0.185185 0.0333333 0.388889 0.522222 0.0555556 0.105263 0.394737 0.315789 0.184211 
85	1 0.631579 0.368421 0.461538 0.423077 0.115385 0.407407 0.592593 0 0.487179 0.307692 0.205128 0.282609 0.536232 0.181159 0 0.398148 0.314815 0.231481 0.0555556 0.244444 0.555556 0.2 0 0.605263 0.131579 0.184211 0.0789474 
85_O	1 0.473684 0.526316 0.153846 0.602564 0.24359 0.222222 0.462963 0.314815 0.217949 0.525641 0.25641 0.0434783 0.376812 0.471014 0.108696 0.037037 0.416667 0.435185 0.111111 0.111111 0.3 0.433333 0.155556 0.105263 0.289474 0.473684 0.131579 
86	1 0.526316 0.473684 0.230769 0.512821 0.25641 0.277778 0.5 0.222222 0.282051 0.525641 0.192308 0.123188 0.369565 0.398551 0.108696 0.12963 0.351852 0.416667 0.101852 0.133333 0.355556 0.422222 0.0888889 0.131579 0.552632 0.236842 0.0789474 
86_O	1 0.526316 0.473684 0.205128 0.525641 0.269231 0.259259 0.462963 0.277778 0.24359 0.538462 0.217949 0.0942029 0.333333 0.42029 0.152174 0.0925926 0.361111 0.407407 0.138889 0.122222 0.344444 0.377778 0.155556 0.0789474 0.368421 0.421053 0.131579 
87	1 0.552632 0.447368 0.24359 0.589744 0.166667 0.240741 0.592593 0.166667 0.333333 0.435897 0.230769 0.0724638 0.492754 0.398551 0.0362319 0.12037 0.416667 0.416667 0.0462963 0.1 0.5 0.311111 0.0888889 0.263158 0.263158 0.289474 0.184211 
87_O	1 0.447368 0.552632 0.128205 0.628205 0.24359 0.222222 0.462963 0.314815 0.192308 0.512821 0.294872 0.0362319 0.369565 0.492754 0.101449 0.0185185 0.398148 0.481481 0.101852 0.1 0.3 0.444444 0.155556 0.157895 0.210526 0.5 0.131579 
88	1 0.473684 0.526316 0.25641 0.423077 0.320513 0.222222 0.5 0.277778 0.179487 0.615385 0.205128 0.144928 0.304348 0.376812 0.173913 0.12963 0.333333 0.37037 0.166667 0.0888889 0.344444 0.466667 0.1 0.0526316 0.421053 0.473684 0.0526316 
88_O	1 0.657895 0.342105 0.397436 0.474359 0.128205 0.462963 0.425926 0.111111 0.423077 0.487179 0.0897436 0.275362 0.427536 0.268116 0.0289855 0.268519 0.435185 0.268519 0.0277778 0.277778 0.433333 0.266667 0.0222222 0.315789 0.5 0.184211 0 
89	1 0.631579 0.368421 0.371795 0.487179 0.141026 0.388889 0.462963 0.148148 0.358974 0.525641 0.115385 0.231884 0.42029 0.297101 0.0507246 0.203704 0.472222 0.268519 0.0555556 0.222222 0.444444 0.3 0.0333333 0.210526 0.421053 0.368421 0 
89_O	1 0.552632 0.447368 0.333333 0.551282 0.115385 0.351852 0.537037 0.111111 0.358974 0.397436 0.24359 0.173913 0.550725 0.268116 0.00724638 0.240741 0.416667 0.287037 0.0555556 0.211111 0.466667 0.266667 0.0555556 0.394737 0.236842 0.289474 0.0789474 
90	1 0.421053 0.578947 0.179487 0.5 0.320513 0.148148 0.62963 0.222222 0.192308 0.487179 0.320513 0.057971 0.347826 0.478261 0.115942 0.101852 0.314815 0.416667 0.166667 0.0333333 0.355556 0.522222 0.0888889 0.131579 0.368421 0.342105 0.157895 
90_O	1 0.5 0.5 0.25641 0.589744 0.153846 0.314815 0.444444 0.240741 0.282051 0.461538 0.25641 0.144928 0.442029 0.369565 0.0434783 0.138889 0.444444 0.361111 0.0555556 0.177778 0.388889 0.3 0.133333 0.210526 0.394737 0.289474 0.105263 
91	1 0.5 0.5 0.25641 0.525641 0.217949 0.277778 0.462963 0.259259 0.205128 0.576923 0.217949 0.130435 0.413043 0.34058 0.115942 0.0833333 0.453704 0.37037 0.0925926 0.133333 0.388889 0.366667 0.111111 0.105263 0.342105 0.526316 0.0263158 
91_O	1 0.315789 0.684211 0.0897436 0.461538 0.448718 0.0925926 0.407407 0.5 0.0512821 0.5 0.448718 0.0362319 0.15942 0.5 0.304348 0 0.222222 0.453704 0.324074 0.0111111 0.222222 0.455556 0.311111 0 0.131579 0.578947 0.289474 
92	1 0.526316 0.473684 0.24359 0.538462 0.217949 0.277778 0.462963 0.259259 0.217949 0.602564 0.179487 0.137681 0.355072 0.391304 0.115942 0.101852 0.425926 0.37037 0.101852 0.133333 0.377778 0.388889 0.1 0.0263158 0.473684 0.421053 0.0789474 
92_O	1 0.526316 0.473684 0.282051 0.5 0.217949 0.259259 0.574074 0.166667 0.307692 0.461538 0.230769 0.144928 0.413043 0.376812 0.0652174 0.148148 0.425926 0.314815 0.111111 0.122222 0.444444 0.366667 0.0666667 0.263158 0.289474 0.394737 0.0526316 
93	1 0.578947 0.421053 0.294872 0.474359 0.230769 0.333333 0.425926 0.240741 0.307692 0.5 0.192308 0.181159 0.318841 0.376812 0.123188 0.138889 0.407407 0.333333 0.12037 0.188889 0.366667 0.333333 0.111111 0.131579 0.342105 0.447368 0.0789474 
93_O	1 0.473684 0.526316 0.230769 0.564103 0.205128 0.240741 0.444444 0.314815 0.192308 0.564103 0.24359 0.115942 0.355072 0.449275 0.0797101 0.0833333 0.398148 0.453704 0.0648148 0.111111 0.4 0.333333 0.155556 0.0526316 0.342105 0.5 0.105263 
94	1 0.447368 0.552632 0.166667 0.564103 0.269231 0.240741 0.425926 0.333333 0.179487 0.538462 0.282051 0.0724638 0.355072 0.427536 0.144928 0.0555556 0.361111 0.462963 0.12037 0.0888889 0.355556 0.366667 0.188889 0.105263 0.342105 0.394737 0.157895 
94_O	1 0.447368 0.552632 0.166667 0.589744 0.24359 0.203704 0.481481 0.314815 0.179487 0.538462 0.282051 0.0652174 0.362319 0.456522 0.115942 0.0648148 0.342593 0.490741 0.101852 0.0888889 0.333333 0.422222 0.155556 0.0526316 0.342105 0.5 0.105263 
95	1 0.473684 0.526316 0.205128 0.5 0.294872 0.166667 0.62963 0.203704 0.217949 0.525641 0.25641 0.0724638 0.369565 0.442029 0.115942 0.0833333 0.37963 0.37037 0.166667 0.0444444 0.4 0.477778 0.0777778 0.0789474 0.473684 0.368421 0.0789474 
95_O	1 0.552632 0.447368 0.333333 0.551282 0.115385 0.351852 0.388889 0.259259 0.307692 0.487179 0.205128 0.202899 0.434783 0.318841 0.0434783 0.166667 0.462963 0.333333 0.037037 0.233333 0.411111 0.211111 0.144444 0.210526 0.263158 0.473684 0.0526316 
96	1 0.447368 0.552632 0.166667 0.461538 0.371795 0.111111 0.592593 0.296296 0.166667 0.551282 0.282051 0.0652174 0.23913 0.492754 0.202899 0.0462963 0.305556 0.425926 0.222222 0.0111111 0.344444 0.488889 0.155556 0.0263158 0.315789 0.526316 0.131579 
96_O	1 0.473684 0.526316 0.205128 0.564103 0.230769 0.277778 0.37037 0.351852 0.282051 0.358974 0.358974 0.0942029 0.384058 0.384058 0.137681 0.12963 0.259259 0.5 0.111111 0.2 0.288889 0.266667 0.244444 0.184211 0.236842 0.289474 0.289474 
97	1 0.552632 0.447368 0.320513 0.487179 0.192308 0.314815 0.518519 0.166667 0.320513 0.474359 0.205128 0.173913 0.434783 0.311594 0.0797101 0.212963 0.398148 0.314815 0.0740741 0.155556 0.444444 0.322222 0.0777778 0.184211 0.394737 0.342105 0.0789474 
97_O	1 0.315789 0.684211 0.0641026 0.551282 0.384615 0.0925926 0.444444 0.462963 0.0769231 0.474359 0.448718 0.00724638 0.202899 0.57971 0.210145 0 0.212963 0.564815 0.222222 0.0222222 0.222222 0.477778 0.277778 0.0263158 0.131579 0.578947 0.263158 
98	1 0.5 0.5 0.24359 0.5 0.25641 0.185185 0.574074 0.240741 0.230769 0.512821 0.25641 0.0869565 0.384058 0.413043 0.115942 0.101852 0.37963 0.361111 0.157407 0.0666667 0.422222 0.411111 0.1 0.0789474 0.394737 0.342105 0.184211 
98_O	1 0.526316 0.473684 0.24359 0.653846 0.102564 0.351852 0.37037 0.277778 0.282051 0.487179 0.230769 0.130435 0.485507 0.347826 0.0362319 0.0833333 0.5 0.416667 0 0.244444 0.322222 0.288889 0.144444 0.105263 0.526316 0.263158 0.105263 
99	1 0.5 0.5 0.24359 0.5 0.25641 0.166667 0.574074 0.259259 0.217949 0.551282 0.230769 0.0797101 0.376812 0.427536 0.115942 0.0925926 0.398148 0.361111 0.148148 0.0666667 0.366667 0.488889 0.0777778 0.0263158 0.421053 0.368421 0.184211 
99_O	1 0.394737 0.605263 0.166667 0.410256 0.423077 0.148148 0.444444 0.407407 0.115385 0.525641 0.358974 0.057971 0.268116 0.376812 0.297101 0.0555556 0.240741 0.416667 0.287037 0.0444444 0.277778 0.444444 0.233333 0.0263158 0.263158 0.447368 0.263158 
